__0__ Tumor 5 53948 127996 497 817 2
__1__ Tumor 5 53948 131004 497 817 2
__2__ Tumor 5 55676 127996 497 817 2
__3__ Tumor 5 52220 134012 497 817 2
__4__ Tumor 5 53948 134012 497 817 2
__5__ Tumor 5 55676 134012 497 817 2
__6__ Tumor 5 55676 137020 497 817 2
__7__ Tumor 5 57404 137020 497 817 2
__8__ Tumor 5 35672 129624 938 810 2
__9__ Tumor 5 31876 139108 967 727 2
__10__ Tumor 5 35364 139108 967 727 2
__11__ Tumor 5 31876 141636 967 727 2
__12__ Tumor 5 35364 141636 967 727 2
__13__ Tumor 5 31876 144164 967 727 2
__14__ Tumor 5 35364 144164 967 727 2
__15__ Tumor 5 38852 144164 967 727 2
__16__ Tumor 5 52804 136580 967 727 2
__17__ Tumor 5 56292 136580 967 727 2
__18__ Tumor 5 56292 139108 967 727 2
__19__ Tumor 5 49316 141636 967 727 2
__20__ Tumor 5 49316 144164 967 727 2
__21__ Tumor 5 52804 141636 967 727 2
__22__ Tumor 5 56292 141636 967 727 2
__23__ Tumor 5 52804 144164 967 727 2
__24__ Tumor 5 56292 144164 967 727 2
__25__ Tumor 5 31876 146692 967 727 2
__26__ Tumor 5 35364 146692 967 727 2
__27__ Tumor 5 35364 149220 967 727 2
__28__ Tumor 5 38852 146692 967 727 2
__29__ Tumor 5 42340 146692 967 727 2
__30__ Tumor 5 38852 149220 967 727 2
__31__ Tumor 5 42340 149220 967 727 2
__32__ Tumor 5 38852 151748 967 727 2
__33__ Tumor 5 42340 151748 967 727 2
__34__ Tumor 5 45828 146692 967 727 2
__35__ Tumor 5 49316 146692 967 727 2
__36__ Tumor 5 45828 149220 967 727 2
__37__ Tumor 5 49316 149220 967 727 2
__38__ Tumor 5 52804 146692 967 727 2
__39__ Tumor 5 56292 146692 967 727 2
__40__ Tumor 5 52804 149220 967 727 2
__41__ Tumor 5 45828 151748 967 727 2
__42__ Tumor 5 45828 154276 967 727 2
__43__ Tumor 5 49316 154276 967 727 2
__44__ Tumor 5 52804 151748 967 727 2
__45__ Tumor 5 39080 144808 662 726 2
__46__ Tumor 5 26888 162120 1038 718 2
__47__ Tumor 5 30664 162120 1038 718 2
__48__ Tumor 5 23112 164616 1038 718 2
__49__ Tumor 5 19336 167112 1038 718 2
__50__ Tumor 5 23112 167112 1038 718 2
__51__ Tumor 5 26888 164616 1038 718 2
__52__ Tumor 5 30664 164616 1038 718 2
__53__ Tumor 5 26888 167112 1038 718 2
__54__ Tumor 5 30664 167112 1038 718 2
__55__ Tumor 5 34440 159624 1038 718 2
__56__ Tumor 5 34440 162120 1038 718 2
__57__ Tumor 5 38216 162120 1038 718 2
__58__ Tumor 5 34440 164616 1038 718 2
__59__ Tumor 5 38216 164616 1038 718 2
__60__ Tumor 5 34440 167112 1038 718 2
__61__ Tumor 5 38216 167112 1038 718 2
__62__ Tumor 5 41992 164616 1038 718 2
__63__ Tumor 5 41992 167112 1038 718 2
__64__ Tumor 5 45768 167112 1038 718 2
__65__ Tumor 5 19336 169608 1038 718 2
__66__ Tumor 5 23112 169608 1038 718 2
__67__ Tumor 5 19336 172104 1038 718 2
__68__ Tumor 5 23112 172104 1038 718 2
__69__ Tumor 5 26888 169608 1038 718 2
__70__ Tumor 5 30664 169608 1038 718 2
__71__ Tumor 5 26888 172104 1038 718 2
__72__ Tumor 5 19336 174600 1038 718 2
__73__ Tumor 5 23112 174600 1038 718 2
__74__ Tumor 5 23112 177096 1038 718 2
__75__ Tumor 5 26888 174600 1038 718 2
__76__ Tumor 5 38216 169608 1038 718 2
__77__ Tumor 5 38216 172104 1038 718 2
__78__ Tumor 5 41992 169608 1038 718 2
__79__ Tumor 5 45768 169608 1038 718 2
__80__ Tumor 5 41992 172104 1038 718 2
__81__ Tumor 5 45768 172104 1038 718 2
__82__ Tumor 5 41992 174600 1038 718 2
__83__ Tumor 5 45768 174600 1038 718 2
__84__ Tumor 5 38840 172216 786 626 2
__85__ Tumor 5 41656 172216 786 626 2
__86__ Tumor 5 38840 174392 786 626 2
__87__ Tumor 5 41656 174392 786 626 2
__88__ Tumor 6 17920 78432 676 720 2
__89__ Tumor 6 20272 78432 676 720 2
__90__ Tumor 6 17920 80960 676 720 2
__91__ Tumor 6 20272 80960 676 720 2
__92__ Tumor 6 29680 75904 676 720 2
__93__ Tumor 6 22624 78432 676 720 2
__94__ Tumor 6 24976 78432 676 720 2
__95__ Tumor 6 22624 80960 676 720 2
__96__ Tumor 6 24976 80960 676 720 2
__97__ Tumor 6 27328 78432 676 720 2
__98__ Tumor 6 29680 78432 676 720 2
__99__ Tumor 6 27328 80960 676 720 2
__100__ Tumor 6 29680 80960 676 720 2
__101__ Tumor 6 17920 83488 676 720 2
__102__ Tumor 6 20272 83488 676 720 2
__103__ Tumor 6 17920 86016 676 720 2
__104__ Tumor 6 20272 86016 676 720 2
__105__ Tumor 6 15568 91072 676 720 2
__106__ Tumor 6 17920 88544 676 720 2
__107__ Tumor 6 17920 91072 676 720 2
__108__ Tumor 6 22624 83488 676 720 2
__109__ Tumor 6 24976 83488 676 720 2
__110__ Tumor 6 22624 86016 676 720 2
__111__ Tumor 6 24976 86016 676 720 2
__112__ Tumor 6 27328 83488 676 720 2
__113__ Tumor 6 29680 83488 676 720 2
__114__ Tumor 6 27328 86016 676 720 2
__115__ Tumor 6 29680 86016 676 720 2
__116__ Tumor 6 22624 88544 676 720 2
__117__ Tumor 6 24976 88544 676 720 2
__118__ Tumor 6 22624 91072 676 720 2
__119__ Tumor 6 24976 91072 676 720 2
__120__ Tumor 6 27328 88544 676 720 2
__121__ Tumor 6 29680 88544 676 720 2
__122__ Tumor 6 27328 91072 676 720 2
__123__ Tumor 6 29680 91072 676 720 2
__124__ Tumor 6 34384 73376 676 720 2
__125__ Tumor 6 32032 75904 676 720 2
__126__ Tumor 6 34384 75904 676 720 2
__127__ Tumor 6 36736 73376 676 720 2
__128__ Tumor 6 36736 75904 676 720 2
__129__ Tumor 6 39088 75904 676 720 2
__130__ Tumor 6 32032 78432 676 720 2
__131__ Tumor 6 34384 78432 676 720 2
__132__ Tumor 6 32032 80960 676 720 2
__133__ Tumor 6 34384 80960 676 720 2
__134__ Tumor 6 36736 78432 676 720 2
__135__ Tumor 6 39088 78432 676 720 2
__136__ Tumor 6 36736 80960 676 720 2
__137__ Tumor 6 39088 80960 676 720 2
__138__ Tumor 6 41440 75904 676 720 2
__139__ Tumor 6 41440 78432 676 720 2
__140__ Tumor 6 43792 78432 676 720 2
__141__ Tumor 6 41440 80960 676 720 2
__142__ Tumor 6 43792 80960 676 720 2
__143__ Tumor 6 32032 83488 676 720 2
__144__ Tumor 6 34384 83488 676 720 2
__145__ Tumor 6 32032 86016 676 720 2
__146__ Tumor 6 34384 86016 676 720 2
__147__ Tumor 6 36736 83488 676 720 2
__148__ Tumor 6 39088 83488 676 720 2
__149__ Tumor 6 36736 86016 676 720 2
__150__ Tumor 6 39088 86016 676 720 2
__151__ Tumor 6 32032 88544 676 720 2
__152__ Tumor 6 34384 88544 676 720 2
__153__ Tumor 6 32032 91072 676 720 2
__154__ Tumor 6 34384 91072 676 720 2
__155__ Tumor 6 36736 88544 676 720 2
__156__ Tumor 6 39088 88544 676 720 2
__157__ Tumor 6 36736 91072 676 720 2
__158__ Tumor 6 39088 91072 676 720 2
__159__ Tumor 6 41440 83488 676 720 2
__160__ Tumor 6 43792 83488 676 720 2
__161__ Tumor 6 41440 86016 676 720 2
__162__ Tumor 6 43792 86016 676 720 2
__163__ Tumor 6 46144 86016 676 720 2
__164__ Tumor 6 41440 88544 676 720 2
__165__ Tumor 6 43792 88544 676 720 2
__166__ Tumor 6 41440 91072 676 720 2
__167__ Tumor 6 43792 91072 676 720 2
__168__ Tumor 6 46144 88544 676 720 2
__169__ Tumor 6 46144 91072 676 720 2
__170__ Tumor 6 48496 91072 676 720 2
__171__ Tumor 6 15568 93600 676 720 2
__172__ Tumor 6 13216 96128 676 720 2
__173__ Tumor 6 15568 96128 676 720 2
__174__ Tumor 6 17920 93600 676 720 2
__175__ Tumor 6 17920 96128 676 720 2
__176__ Tumor 6 20272 98656 676 720 2
__177__ Tumor 6 20272 101184 676 720 2
__178__ Tumor 6 22624 93600 676 720 2
__179__ Tumor 6 24976 93600 676 720 2
__180__ Tumor 6 22624 96128 676 720 2
__181__ Tumor 6 24976 96128 676 720 2
__182__ Tumor 6 27328 93600 676 720 2
__183__ Tumor 6 29680 93600 676 720 2
__184__ Tumor 6 27328 96128 676 720 2
__185__ Tumor 6 29680 96128 676 720 2
__186__ Tumor 6 22624 98656 676 720 2
__187__ Tumor 6 24976 98656 676 720 2
__188__ Tumor 6 22624 101184 676 720 2
__189__ Tumor 6 24976 101184 676 720 2
__190__ Tumor 6 27328 98656 676 720 2
__191__ Tumor 6 29680 98656 676 720 2
__192__ Tumor 6 27328 101184 676 720 2
__193__ Tumor 6 29680 101184 676 720 2
__194__ Tumor 6 20272 103712 676 720 2
__195__ Tumor 6 22624 103712 676 720 2
__196__ Tumor 6 24976 103712 676 720 2
__197__ Tumor 6 22624 106240 676 720 2
__198__ Tumor 6 24976 106240 676 720 2
__199__ Tumor 6 27328 103712 676 720 2
__200__ Tumor 6 29680 103712 676 720 2
__201__ Tumor 6 27328 106240 676 720 2
__202__ Tumor 6 29680 106240 676 720 2
__203__ Tumor 6 22624 108768 676 720 2
__204__ Tumor 6 24976 108768 676 720 2
__205__ Tumor 6 24976 111296 676 720 2
__206__ Tumor 6 27328 108768 676 720 2
__207__ Tumor 6 29680 108768 676 720 2
__208__ Tumor 6 27328 111296 676 720 2
__209__ Tumor 6 29680 111296 676 720 2
__210__ Tumor 6 32032 93600 676 720 2
__211__ Tumor 6 34384 93600 676 720 2
__212__ Tumor 6 32032 96128 676 720 2
__213__ Tumor 6 34384 96128 676 720 2
__214__ Tumor 6 36736 93600 676 720 2
__215__ Tumor 6 39088 93600 676 720 2
__216__ Tumor 6 36736 96128 676 720 2
__217__ Tumor 6 39088 96128 676 720 2
__218__ Tumor 6 32032 98656 676 720 2
__219__ Tumor 6 34384 98656 676 720 2
__220__ Tumor 6 32032 101184 676 720 2
__221__ Tumor 6 34384 101184 676 720 2
__222__ Tumor 6 36736 98656 676 720 2
__223__ Tumor 6 39088 98656 676 720 2
__224__ Tumor 6 36736 101184 676 720 2
__225__ Tumor 6 39088 101184 676 720 2
__226__ Tumor 6 41440 93600 676 720 2
__227__ Tumor 6 43792 93600 676 720 2
__228__ Tumor 6 41440 96128 676 720 2
__229__ Tumor 6 43792 96128 676 720 2
__230__ Tumor 6 46144 93600 676 720 2
__231__ Tumor 6 41440 98656 676 720 2
__232__ Tumor 6 43792 98656 676 720 2
__233__ Tumor 6 41440 101184 676 720 2
__234__ Tumor 6 43792 101184 676 720 2
__235__ Tumor 6 32032 103712 676 720 2
__236__ Tumor 6 34384 103712 676 720 2
__237__ Tumor 6 32032 106240 676 720 2
__238__ Tumor 6 34384 106240 676 720 2
__239__ Tumor 6 32032 108768 676 720 2
__240__ Tumor 6 34384 108768 676 720 2
__241__ Tumor 6 32032 111296 676 720 2
__242__ Tumor 6 34384 111296 676 720 2
__243__ Tumor 6 41440 108768 676 720 2
__244__ Tumor 6 43792 108768 676 720 2
__245__ Tumor 6 41440 111296 676 720 2
__246__ Tumor 6 43792 111296 676 720 2
__247__ Tumor 6 46144 111296 676 720 2
__248__ Tumor 6 57284 79060 667 675 2
__249__ Tumor 6 59604 79060 667 675 2
__250__ Tumor 6 54964 83764 667 675 2
__251__ Tumor 6 57284 81412 667 675 2
__252__ Tumor 6 59604 81412 667 675 2
__253__ Tumor 6 57284 83764 667 675 2
__254__ Tumor 6 59604 83764 667 675 2
__255__ Tumor 6 61924 76708 667 675 2
__256__ Tumor 6 61924 79060 667 675 2
__257__ Tumor 6 64244 79060 667 675 2
__258__ Tumor 6 66564 76708 667 675 2
__259__ Tumor 6 66564 79060 667 675 2
__260__ Tumor 6 68884 79060 667 675 2
__261__ Tumor 6 61924 81412 667 675 2
__262__ Tumor 6 64244 81412 667 675 2
__263__ Tumor 6 61924 83764 667 675 2
__264__ Tumor 6 64244 83764 667 675 2
__265__ Tumor 6 66564 81412 667 675 2
__266__ Tumor 6 68884 81412 667 675 2
__267__ Tumor 6 66564 83764 667 675 2
__268__ Tumor 6 68884 83764 667 675 2
__269__ Tumor 6 52644 86116 667 675 2
__270__ Tumor 6 54964 86116 667 675 2
__271__ Tumor 6 52644 88468 667 675 2
__272__ Tumor 6 54964 88468 667 675 2
__273__ Tumor 6 57284 86116 667 675 2
__274__ Tumor 6 59604 86116 667 675 2
__275__ Tumor 6 57284 88468 667 675 2
__276__ Tumor 6 59604 88468 667 675 2
__277__ Tumor 6 54964 90820 667 675 2
__278__ Tumor 6 54964 93172 667 675 2
__279__ Tumor 6 57284 90820 667 675 2
__280__ Tumor 6 59604 90820 667 675 2
__281__ Tumor 6 57284 93172 667 675 2
__282__ Tumor 6 59604 93172 667 675 2
__283__ Tumor 6 61924 86116 667 675 2
__284__ Tumor 6 64244 86116 667 675 2
__285__ Tumor 6 61924 88468 667 675 2
__286__ Tumor 6 64244 88468 667 675 2
__287__ Tumor 6 66564 86116 667 675 2
__288__ Tumor 6 68884 86116 667 675 2
__289__ Tumor 6 66564 88468 667 675 2
__290__ Tumor 6 68884 88468 667 675 2
__291__ Tumor 6 61924 90820 667 675 2
__292__ Tumor 6 64244 90820 667 675 2
__293__ Tumor 6 61924 93172 667 675 2
__294__ Tumor 6 64244 93172 667 675 2
__295__ Tumor 6 66564 90820 667 675 2
__296__ Tumor 6 71204 79060 667 675 2
__297__ Tumor 6 71204 81412 667 675 2
__298__ Tumor 6 73524 81412 667 675 2
__299__ Tumor 6 71204 83764 667 675 2
__300__ Tumor 6 73524 83764 667 675 2
__301__ Tumor 6 75844 81412 667 675 2
__302__ Tumor 6 78164 81412 667 675 2
__303__ Tumor 6 75844 83764 667 675 2
__304__ Tumor 6 78164 83764 667 675 2
__305__ Tumor 6 80484 83764 667 675 2
__306__ Tumor 6 71204 86116 667 675 2
__307__ Tumor 6 73524 86116 667 675 2
__308__ Tumor 6 71204 88468 667 675 2
__309__ Tumor 6 73524 88468 667 675 2
__310__ Tumor 6 75844 86116 667 675 2
__311__ Tumor 6 78164 86116 667 675 2
__312__ Tumor 6 75844 88468 667 675 2
__313__ Tumor 6 78164 88468 667 675 2
__314__ Tumor 6 71204 90820 667 675 2
__315__ Tumor 6 73524 90820 667 675 2
__316__ Tumor 6 71204 93172 667 675 2
__317__ Tumor 6 73524 93172 667 675 2
__318__ Tumor 6 75844 90820 667 675 2
__319__ Tumor 6 78164 90820 667 675 2
__320__ Tumor 6 75844 93172 667 675 2
__321__ Tumor 6 78164 93172 667 675 2
__322__ Tumor 6 80484 86116 667 675 2
__323__ Tumor 6 80484 88468 667 675 2
__324__ Tumor 6 82804 88468 667 675 2
__325__ Tumor 6 80484 90820 667 675 2
__326__ Tumor 6 82804 90820 667 675 2
__327__ Tumor 6 80484 93172 667 675 2
__328__ Tumor 6 82804 93172 667 675 2
__329__ Tumor 6 57284 95524 667 675 2
__330__ Tumor 6 59604 95524 667 675 2
__331__ Tumor 6 57284 97876 667 675 2
__332__ Tumor 6 59604 97876 667 675 2
__333__ Tumor 6 59604 100228 667 675 2
__334__ Tumor 6 61924 95524 667 675 2
__335__ Tumor 6 71204 95524 667 675 2
__336__ Tumor 6 73524 95524 667 675 2
__337__ Tumor 6 73524 97876 667 675 2
__338__ Tumor 6 75844 95524 667 675 2
__339__ Tumor 6 78164 95524 667 675 2
__340__ Tumor 6 75844 97876 667 675 2
__341__ Tumor 6 78164 97876 667 675 2
__342__ Tumor 6 73524 100228 667 675 2
__343__ Tumor 6 75844 100228 667 675 2
__344__ Tumor 6 78164 100228 667 675 2
__345__ Tumor 6 75844 102580 667 675 2
__346__ Tumor 6 78164 102580 667 675 2
__347__ Tumor 6 80484 95524 667 675 2
__348__ Tumor 6 82804 95524 667 675 2
__349__ Tumor 6 80484 97876 667 675 2
__350__ Tumor 6 82804 97876 667 675 2
__351__ Tumor 6 85124 95524 667 675 2
__352__ Tumor 6 85124 97876 667 675 2
__353__ Tumor 6 80484 100228 667 675 2
__354__ Tumor 6 82804 100228 667 675 2
__355__ Tumor 6 80484 102580 667 675 2
__356__ Tumor 6 82804 102580 667 675 2
__357__ Tumor 6 85124 100228 667 675 2
__358__ Tumor 6 87444 100228 667 675 2
__359__ Tumor 6 85124 102580 667 675 2
__360__ Tumor 6 87444 102580 667 675 2
__361__ Tumor 6 78164 104932 667 675 2
__362__ Tumor 6 75844 107284 667 675 2
__363__ Tumor 6 78164 107284 667 675 2
__364__ Tumor 6 78164 109636 667 675 2
__365__ Tumor 6 80484 104932 667 675 2
__366__ Tumor 6 82804 104932 667 675 2
__367__ Tumor 6 80484 107284 667 675 2
__368__ Tumor 6 82804 107284 667 675 2
__369__ Tumor 6 85124 104932 667 675 2
__370__ Tumor 6 85124 107284 667 675 2
__371__ Tumor 6 80484 109636 667 675 2
__372__ Tumor 6 82804 109636 667 675 2
__373__ Tumor 6 80484 111988 667 675 2
__374__ Tumor 6 82804 111988 667 675 2
__375__ Tumor 6 85124 109636 667 675 2
__376__ Tumor 6 85124 111988 667 675 2
__377__ Tumor 6 34220 107692 653 813 2
__378__ Tumor 6 36492 107692 653 813 2
__379__ Tumor 6 34220 110604 653 813 2
__380__ Tumor 6 41036 110604 653 813 2
__381__ Tumor 6 34220 116428 653 813 2
__382__ Tumor 6 36492 116428 653 813 2
__383__ Tumor 6 38764 113516 653 813 2
__384__ Tumor 6 41036 113516 653 813 2
__385__ Tumor 6 38764 116428 653 813 2
__386__ Tumor 6 41036 116428 653 813 2
__387__ Tumor 6 43308 107692 653 813 2
__388__ Tumor 6 43308 110604 653 813 2
__389__ Tumor 6 45580 110604 653 813 2
__390__ Tumor 6 43308 113516 653 813 2
__391__ Tumor 6 45580 113516 653 813 2
__392__ Tumor 6 43308 116428 653 813 2
__393__ Tumor 6 45580 116428 653 813 2
__394__ Tumor 6 47852 113516 653 813 2
__395__ Tumor 6 47852 116428 653 813 2
__396__ Tumor 6 50124 116428 653 813 2
__397__ Tumor 6 34220 119340 653 813 2
__398__ Tumor 6 36492 119340 653 813 2
__399__ Tumor 6 36492 122252 653 813 2
__400__ Tumor 6 38764 119340 653 813 2
__401__ Tumor 6 41036 119340 653 813 2
__402__ Tumor 6 38764 122252 653 813 2
__403__ Tumor 6 41036 122252 653 813 2
__404__ Tumor 6 36492 125164 653 813 2
__405__ Tumor 6 38764 125164 653 813 2
__406__ Tumor 6 41036 125164 653 813 2
__407__ Tumor 6 38764 128076 653 813 2
__408__ Tumor 6 41036 128076 653 813 2
__409__ Tumor 6 43308 119340 653 813 2
__410__ Tumor 6 45580 119340 653 813 2
__411__ Tumor 6 43308 122252 653 813 2
__412__ Tumor 6 43308 125164 653 813 2
__413__ Tumor 6 43308 128076 653 813 2
__414__ Tumor 6 78008 131800 754 1594 2
__415__ Tumor 6 83256 125816 754 1594 2
__416__ Tumor 6 80632 131800 754 1594 2
__417__ Tumor 6 83256 131800 754 1594 2
__418__ Tumor 6 75384 137784 754 1594 2
__419__ Tumor 6 78008 137784 754 1594 2
__420__ Tumor 6 78008 143768 754 1594 2
__421__ Tumor 6 80632 137784 754 1594 2
__422__ Tumor 6 83256 137784 754 1594 2
__423__ Tumor 6 80632 143768 754 1594 2
__424__ Tumor 6 83256 143768 754 1594 2
__425__ Tumor 6 85880 125816 754 1594 2
__426__ Tumor 6 85880 131800 754 1594 2
__427__ Tumor 6 88504 131800 754 1594 2
__428__ Tumor 6 91128 131800 754 1594 2
__429__ Tumor 6 93752 131800 754 1594 2
__430__ Tumor 6 85880 137784 754 1594 2
__431__ Tumor 6 88504 137784 754 1594 2
__432__ Tumor 6 85880 143768 754 1594 2
__433__ Tumor 6 88504 143768 754 1594 2
__434__ Tumor 6 91128 137784 754 1594 2
__435__ Tumor 6 80632 149752 754 1594 2
__436__ Tumor 6 83256 149752 754 1594 2
__437__ Tumor 6 80632 155736 754 1594 2
__438__ Tumor 6 83256 155736 754 1594 2
__439__ Tumor 6 85880 149752 754 1594 2
__440__ Tumor 6 85880 155736 754 1594 2
__441__ Tumor 6 85880 161720 754 1594 2
__442__ Tumor 6 88504 161720 754 1594 2
__443__ Tumor 6 85880 167704 754 1594 2
__444__ Tumor 6 47528 147112 758 662 2
__445__ Tumor 6 50216 149416 758 662 2
__446__ Tumor 6 49492 160116 1083 819 2
__447__ Tumor 6 49492 162964 1083 819 2
__448__ Tumor 6 53396 162964 1083 819 2
__449__ Tumor 6 53396 165812 1083 819 2
__450__ Tumor 6 57300 162964 1083 819 2
__451__ Tumor 6 61204 162964 1083 819 2
__452__ Tumor 6 57300 165812 1083 819 2
__453__ Tumor 6 61204 165812 1083 819 2
__454__ Tumor 6 65108 162964 1083 819 2
__455__ Tumor 6 69012 162964 1083 819 2
__456__ Tumor 6 65108 165812 1083 819 2
__457__ Tumor 6 69012 165812 1083 819 2
__458__ Tumor 6 57300 168660 1083 819 2
__459__ Tumor 6 61204 168660 1083 819 2
__460__ Tumor 6 61204 171508 1083 819 2
__461__ Tumor 6 61204 174356 1083 819 2
__462__ Tumor 6 65108 168660 1083 819 2
__463__ Tumor 6 65108 171508 1083 819 2
__464__ Tumor 6 69012 171508 1083 819 2
__465__ Tumor 6 65108 174356 1083 819 2
__466__ Tumor 6 69012 174356 1083 819 2
__467__ Tumor 6 69012 177204 1083 819 2
__468__ Tumor 6 72916 174356 1083 819 2
__469__ Tumor 6 72916 177204 1083 819 2
__470__ Tumor 7 67688 0 614 294 2
__471__ Tumor 7 78952 0 614 294 2
__472__ Tumor 7 82752 0 1072 368 2
__473__ Tumor 7 91456 0 1200 368 2
__474__ Tumor 7 0 280 442 698 2
__475__ Tumor 7 13244 105596 929 1105 2
__476__ Tumor 7 16476 101660 929 1105 2
__477__ Tumor 7 19708 101660 929 1105 2
__478__ Tumor 7 16476 105596 929 1105 2
__479__ Tumor 7 19708 105596 929 1105 2
__480__ Tumor 7 10012 109532 929 1105 2
__481__ Tumor 7 13244 109532 929 1105 2
__482__ Tumor 7 10012 113468 929 1105 2
__483__ Tumor 7 13244 113468 929 1105 2
__484__ Tumor 7 16476 109532 929 1105 2
__485__ Tumor 7 19708 109532 929 1105 2
__486__ Tumor 7 16476 113468 929 1105 2
__487__ Tumor 7 19708 113468 929 1105 2
__488__ Tumor 7 22940 101660 929 1105 2
__489__ Tumor 7 22940 105596 929 1105 2
__490__ Tumor 7 29404 101660 929 1105 2
__491__ Tumor 7 32636 101660 929 1105 2
__492__ Tumor 7 32636 105596 929 1105 2
__493__ Tumor 7 22940 109532 929 1105 2
__494__ Tumor 7 26172 109532 929 1105 2
__495__ Tumor 7 22940 113468 929 1105 2
__496__ Tumor 7 26172 113468 929 1105 2
__497__ Tumor 7 10012 117404 929 1105 2
__498__ Tumor 7 13244 117404 929 1105 2
__499__ Tumor 7 13244 121340 929 1105 2
__500__ Tumor 7 16476 117404 929 1105 2
__501__ Tumor 7 19708 117404 929 1105 2
__502__ Tumor 7 16476 121340 929 1105 2
__503__ Tumor 7 19708 121340 929 1105 2
__504__ Tumor 7 13244 125276 929 1105 2
__505__ Tumor 7 16476 125276 929 1105 2
__506__ Tumor 7 19708 125276 929 1105 2
__507__ Tumor 7 22940 117404 929 1105 2
__508__ Tumor 7 26172 117404 929 1105 2
__509__ Tumor 7 22940 121340 929 1105 2
__510__ Tumor 7 26172 121340 929 1105 2
__511__ Tumor 7 29404 117404 929 1105 2
__512__ Tumor 7 29404 121340 929 1105 2
__513__ Tumor 7 32636 121340 929 1105 2
__514__ Tumor 7 22940 125276 929 1105 2
__515__ Tumor 7 26172 125276 929 1105 2
__516__ Tumor 7 26172 129212 929 1105 2
__517__ Tumor 7 29404 125276 929 1105 2
__518__ Tumor 7 29768 101960 1134 846 2
__519__ Tumor 7 33864 104904 1134 846 2
__520__ Tumor 7 29528 107864 938 810 2
__521__ Tumor 7 36744 110344 478 670 2
__522__ Tumor 7 35080 112776 478 670 2
__523__ Tumor 7 41980 119212 593 649 2
__524__ Tumor 7 39916 121500 593 649 2
__525__ Tumor 7 41980 121500 593 649 2
__526__ Tumor 7 46108 116924 593 649 2
__527__ Tumor 7 50236 114636 593 649 2
__528__ Tumor 7 48172 116924 593 649 2
__529__ Tumor 7 50236 116924 593 649 2
__530__ Tumor 7 44044 119212 593 649 2
__531__ Tumor 7 46108 119212 593 649 2
__532__ Tumor 7 44044 121500 593 649 2
__533__ Tumor 7 46108 121500 593 649 2
__534__ Tumor 7 48172 119212 593 649 2
__535__ Tumor 7 50236 119212 593 649 2
__536__ Tumor 7 48172 121500 593 649 2
__537__ Tumor 7 50236 121500 593 649 2
__538__ Tumor 7 37852 123788 593 649 2
__539__ Tumor 7 37852 126076 593 649 2
__540__ Tumor 7 39916 123788 593 649 2
__541__ Tumor 7 41980 123788 593 649 2
__542__ Tumor 7 39916 126076 593 649 2
__543__ Tumor 7 41980 126076 593 649 2
__544__ Tumor 7 37852 128364 593 649 2
__545__ Tumor 7 35788 130652 593 649 2
__546__ Tumor 7 37852 130652 593 649 2
__547__ Tumor 7 39916 128364 593 649 2
__548__ Tumor 7 41980 128364 593 649 2
__549__ Tumor 7 39916 130652 593 649 2
__550__ Tumor 7 41980 130652 593 649 2
__551__ Tumor 7 44044 123788 593 649 2
__552__ Tumor 7 46108 123788 593 649 2
__553__ Tumor 7 44044 126076 593 649 2
__554__ Tumor 7 46108 126076 593 649 2
__555__ Tumor 7 48172 123788 593 649 2
__556__ Tumor 7 50236 123788 593 649 2
__557__ Tumor 7 48172 126076 593 649 2
__558__ Tumor 7 50236 126076 593 649 2
__559__ Tumor 7 44044 128364 593 649 2
__560__ Tumor 7 46108 128364 593 649 2
__561__ Tumor 7 44044 130652 593 649 2
__562__ Tumor 7 46108 130652 593 649 2
__563__ Tumor 7 48172 128364 593 649 2
__564__ Tumor 7 50236 128364 593 649 2
__565__ Tumor 7 48172 130652 593 649 2
__566__ Tumor 7 50236 130652 593 649 2
__567__ Tumor 7 52300 114636 593 649 2
__568__ Tumor 7 54364 114636 593 649 2
__569__ Tumor 7 52300 116924 593 649 2
__570__ Tumor 7 54364 116924 593 649 2
__571__ Tumor 7 56428 116924 593 649 2
__572__ Tumor 7 58492 116924 593 649 2
__573__ Tumor 7 52300 119212 593 649 2
__574__ Tumor 7 54364 119212 593 649 2
__575__ Tumor 7 52300 121500 593 649 2
__576__ Tumor 7 54364 121500 593 649 2
__577__ Tumor 7 56428 119212 593 649 2
__578__ Tumor 7 58492 119212 593 649 2
__579__ Tumor 7 56428 121500 593 649 2
__580__ Tumor 7 58492 121500 593 649 2
__581__ Tumor 7 60556 116924 593 649 2
__582__ Tumor 7 62620 116924 593 649 2
__583__ Tumor 7 64684 116924 593 649 2
__584__ Tumor 7 60556 119212 593 649 2
__585__ Tumor 7 62620 119212 593 649 2
__586__ Tumor 7 60556 121500 593 649 2
__587__ Tumor 7 62620 121500 593 649 2
__588__ Tumor 7 64684 119212 593 649 2
__589__ Tumor 7 64684 121500 593 649 2
__590__ Tumor 7 52300 123788 593 649 2
__591__ Tumor 7 54364 123788 593 649 2
__592__ Tumor 7 52300 126076 593 649 2
__593__ Tumor 7 56428 123788 593 649 2
__594__ Tumor 7 58492 123788 593 649 2
__595__ Tumor 7 58492 126076 593 649 2
__596__ Tumor 7 52300 128364 593 649 2
__597__ Tumor 7 60556 123788 593 649 2
__598__ Tumor 7 62620 123788 593 649 2
__599__ Tumor 7 60556 126076 593 649 2
__600__ Tumor 7 62620 126076 593 649 2
__601__ Tumor 7 64684 123788 593 649 2
__602__ Tumor 7 66748 123788 593 649 2
__603__ Tumor 7 64684 126076 593 649 2
__604__ Tumor 7 66748 126076 593 649 2
__605__ Tumor 7 60556 128364 593 649 2
__606__ Tumor 7 62620 128364 593 649 2
__607__ Tumor 7 60556 130652 593 649 2
__608__ Tumor 7 62620 130652 593 649 2
__609__ Tumor 7 64684 128364 593 649 2
__610__ Tumor 7 66748 128364 593 649 2
__611__ Tumor 7 64684 130652 593 649 2
__612__ Tumor 7 66748 130652 593 649 2
__613__ Tumor 7 35788 132940 593 649 2
__614__ Tumor 7 37852 132940 593 649 2
__615__ Tumor 7 37852 135228 593 649 2
__616__ Tumor 7 39916 132940 593 649 2
__617__ Tumor 7 41980 132940 593 649 2
__618__ Tumor 7 39916 135228 593 649 2
__619__ Tumor 7 41980 135228 593 649 2
__620__ Tumor 7 37852 137516 593 649 2
__621__ Tumor 7 39916 137516 593 649 2
__622__ Tumor 7 41980 137516 593 649 2
__623__ Tumor 7 39916 139804 593 649 2
__624__ Tumor 7 41980 139804 593 649 2
__625__ Tumor 7 44044 132940 593 649 2
__626__ Tumor 7 46108 132940 593 649 2
__627__ Tumor 7 44044 135228 593 649 2
__628__ Tumor 7 46108 135228 593 649 2
__629__ Tumor 7 48172 132940 593 649 2
__630__ Tumor 7 50236 132940 593 649 2
__631__ Tumor 7 48172 135228 593 649 2
__632__ Tumor 7 50236 135228 593 649 2
__633__ Tumor 7 44044 137516 593 649 2
__634__ Tumor 7 46108 137516 593 649 2
__635__ Tumor 7 44044 139804 593 649 2
__636__ Tumor 7 46108 139804 593 649 2
__637__ Tumor 7 48172 137516 593 649 2
__638__ Tumor 7 50236 137516 593 649 2
__639__ Tumor 7 48172 139804 593 649 2
__640__ Tumor 7 50236 139804 593 649 2
__641__ Tumor 7 35788 144380 593 649 2
__642__ Tumor 7 41980 142092 593 649 2
__643__ Tumor 7 35788 146668 593 649 2
__644__ Tumor 7 37852 146668 593 649 2
__645__ Tumor 7 35788 148956 593 649 2
__646__ Tumor 7 37852 148956 593 649 2
__647__ Tumor 7 39916 148956 593 649 2
__648__ Tumor 7 44044 142092 593 649 2
__649__ Tumor 7 46108 142092 593 649 2
__650__ Tumor 7 46108 144380 593 649 2
__651__ Tumor 7 48172 142092 593 649 2
__652__ Tumor 7 50236 142092 593 649 2
__653__ Tumor 7 48172 144380 593 649 2
__654__ Tumor 7 50236 144380 593 649 2
__655__ Tumor 7 48172 146668 593 649 2
__656__ Tumor 7 50236 146668 593 649 2
__657__ Tumor 7 48172 148956 593 649 2
__658__ Tumor 7 50236 148956 593 649 2
__659__ Tumor 7 58492 135228 593 649 2
__660__ Tumor 7 52300 137516 593 649 2
__661__ Tumor 7 54364 137516 593 649 2
__662__ Tumor 7 52300 139804 593 649 2
__663__ Tumor 7 54364 139804 593 649 2
__664__ Tumor 7 56428 137516 593 649 2
__665__ Tumor 7 58492 137516 593 649 2
__666__ Tumor 7 56428 139804 593 649 2
__667__ Tumor 7 58492 139804 593 649 2
__668__ Tumor 7 60556 132940 593 649 2
__669__ Tumor 7 62620 132940 593 649 2
__670__ Tumor 7 60556 135228 593 649 2
__671__ Tumor 7 62620 135228 593 649 2
__672__ Tumor 7 64684 132940 593 649 2
__673__ Tumor 7 64684 135228 593 649 2
__674__ Tumor 7 60556 137516 593 649 2
__675__ Tumor 7 62620 137516 593 649 2
__676__ Tumor 7 60556 139804 593 649 2
__677__ Tumor 7 52300 142092 593 649 2
__678__ Tumor 7 54364 142092 593 649 2
__679__ Tumor 7 52300 144380 593 649 2
__680__ Tumor 7 54364 144380 593 649 2
__681__ Tumor 7 56428 142092 593 649 2
__682__ Tumor 7 58492 142092 593 649 2
__683__ Tumor 7 56428 144380 593 649 2
__684__ Tumor 7 58492 144380 593 649 2
__685__ Tumor 7 52300 146668 593 649 2
__686__ Tumor 7 54364 146668 593 649 2
__687__ Tumor 7 52300 148956 593 649 2
__688__ Tumor 7 54364 148956 593 649 2
__689__ Tumor 7 56428 146668 593 649 2
__690__ Tumor 7 12120 126552 810 1066 2
__691__ Tumor 7 18116 140836 639 687 2
__692__ Tumor 7 13668 143252 639 687 2
__693__ Tumor 7 13668 145668 639 687 2
__694__ Tumor 7 15892 143252 639 687 2
__695__ Tumor 7 18116 143252 639 687 2
__696__ Tumor 7 15892 145668 639 687 2
__697__ Tumor 7 18116 145668 639 687 2
__698__ Tumor 7 22564 138420 639 687 2
__699__ Tumor 7 20340 140836 639 687 2
__700__ Tumor 7 22564 140836 639 687 2
__701__ Tumor 7 24788 138420 639 687 2
__702__ Tumor 7 27012 138420 639 687 2
__703__ Tumor 7 24788 140836 639 687 2
__704__ Tumor 7 27012 140836 639 687 2
__705__ Tumor 7 20340 143252 639 687 2
__706__ Tumor 7 22564 143252 639 687 2
__707__ Tumor 7 20340 145668 639 687 2
__708__ Tumor 7 22564 145668 639 687 2
__709__ Tumor 7 24788 143252 639 687 2
__710__ Tumor 7 27012 143252 639 687 2
__711__ Tumor 7 24788 145668 639 687 2
__712__ Tumor 7 27012 145668 639 687 2
__713__ Tumor 7 11444 148084 639 687 2
__714__ Tumor 7 13668 148084 639 687 2
__715__ Tumor 7 11444 150500 639 687 2
__716__ Tumor 7 13668 150500 639 687 2
__717__ Tumor 7 15892 148084 639 687 2
__718__ Tumor 7 18116 148084 639 687 2
__719__ Tumor 7 15892 150500 639 687 2
__720__ Tumor 7 18116 150500 639 687 2
__721__ Tumor 7 11444 152916 639 687 2
__722__ Tumor 7 13668 152916 639 687 2
__723__ Tumor 7 11444 155332 639 687 2
__724__ Tumor 7 13668 155332 639 687 2
__725__ Tumor 7 15892 152916 639 687 2
__726__ Tumor 7 18116 152916 639 687 2
__727__ Tumor 7 15892 155332 639 687 2
__728__ Tumor 7 18116 155332 639 687 2
__729__ Tumor 7 20340 148084 639 687 2
__730__ Tumor 7 22564 148084 639 687 2
__731__ Tumor 7 20340 150500 639 687 2
__732__ Tumor 7 22564 150500 639 687 2
__733__ Tumor 7 24788 148084 639 687 2
__734__ Tumor 7 27012 148084 639 687 2
__735__ Tumor 7 24788 150500 639 687 2
__736__ Tumor 7 27012 150500 639 687 2
__737__ Tumor 7 20340 152916 639 687 2
__738__ Tumor 7 22564 152916 639 687 2
__739__ Tumor 7 20340 155332 639 687 2
__740__ Tumor 7 22564 155332 639 687 2
__741__ Tumor 7 24788 152916 639 687 2
__742__ Tumor 7 27012 152916 639 687 2
__743__ Tumor 7 24788 155332 639 687 2
__744__ Tumor 7 27012 155332 639 687 2
__745__ Tumor 7 29236 140836 639 687 2
__746__ Tumor 7 31460 140836 639 687 2
__747__ Tumor 7 29236 143252 639 687 2
__748__ Tumor 7 31460 143252 639 687 2
__749__ Tumor 7 29236 145668 639 687 2
__750__ Tumor 7 31460 145668 639 687 2
__751__ Tumor 7 33684 143252 639 687 2
__752__ Tumor 7 33684 145668 639 687 2
__753__ Tumor 7 35908 145668 639 687 2
__754__ Tumor 7 38132 138420 639 687 2
__755__ Tumor 7 40356 138420 639 687 2
__756__ Tumor 7 40356 140836 639 687 2
__757__ Tumor 7 42580 138420 639 687 2
__758__ Tumor 7 44804 138420 639 687 2
__759__ Tumor 7 42580 140836 639 687 2
__760__ Tumor 7 44804 140836 639 687 2
__761__ Tumor 7 38132 145668 639 687 2
__762__ Tumor 7 42580 143252 639 687 2
__763__ Tumor 7 44804 143252 639 687 2
__764__ Tumor 7 29236 148084 639 687 2
__765__ Tumor 7 31460 148084 639 687 2
__766__ Tumor 7 29236 150500 639 687 2
__767__ Tumor 7 31460 150500 639 687 2
__768__ Tumor 7 33684 148084 639 687 2
__769__ Tumor 7 35908 148084 639 687 2
__770__ Tumor 7 33684 150500 639 687 2
__771__ Tumor 7 35908 150500 639 687 2
__772__ Tumor 7 33684 152916 639 687 2
__773__ Tumor 7 35908 152916 639 687 2
__774__ Tumor 7 33684 155332 639 687 2
__775__ Tumor 7 35908 155332 639 687 2
__776__ Tumor 7 38132 148084 639 687 2
__777__ Tumor 7 40356 148084 639 687 2
__778__ Tumor 7 38132 150500 639 687 2
__779__ Tumor 7 40356 150500 639 687 2
__780__ Tumor 7 38132 152916 639 687 2
__781__ Tumor 7 40356 152916 639 687 2
__782__ Tumor 7 38132 155332 639 687 2
__783__ Tumor 7 40356 155332 639 687 2
__784__ Tumor 7 42580 152916 639 687 2
__785__ Tumor 7 42580 155332 639 687 2
__786__ Tumor 7 44804 155332 639 687 2
__787__ Tumor 7 11444 157748 639 687 2
__788__ Tumor 7 13668 157748 639 687 2
__789__ Tumor 7 13668 160164 639 687 2
__790__ Tumor 7 15892 157748 639 687 2
__791__ Tumor 7 18116 157748 639 687 2
__792__ Tumor 7 15892 160164 639 687 2
__793__ Tumor 7 18116 160164 639 687 2
__794__ Tumor 7 13668 162580 639 687 2
__795__ Tumor 7 13668 164996 639 687 2
__796__ Tumor 7 15892 162580 639 687 2
__797__ Tumor 7 18116 162580 639 687 2
__798__ Tumor 7 15892 164996 639 687 2
__799__ Tumor 7 18116 164996 639 687 2
__800__ Tumor 7 20340 157748 639 687 2
__801__ Tumor 7 22564 157748 639 687 2
__802__ Tumor 7 20340 160164 639 687 2
__803__ Tumor 7 22564 160164 639 687 2
__804__ Tumor 7 24788 157748 639 687 2
__805__ Tumor 7 27012 157748 639 687 2
__806__ Tumor 7 24788 160164 639 687 2
__807__ Tumor 7 27012 160164 639 687 2
__808__ Tumor 7 20340 162580 639 687 2
__809__ Tumor 7 22564 162580 639 687 2
__810__ Tumor 7 20340 164996 639 687 2
__811__ Tumor 7 22564 164996 639 687 2
__812__ Tumor 7 24788 162580 639 687 2
__813__ Tumor 7 27012 162580 639 687 2
__814__ Tumor 7 24788 164996 639 687 2
__815__ Tumor 7 27012 164996 639 687 2
__816__ Tumor 7 15892 167412 639 687 2
__817__ Tumor 7 18116 167412 639 687 2
__818__ Tumor 7 15892 169828 639 687 2
__819__ Tumor 7 18116 169828 639 687 2
__820__ Tumor 7 18116 172244 639 687 2
__821__ Tumor 7 20340 167412 639 687 2
__822__ Tumor 7 22564 167412 639 687 2
__823__ Tumor 7 20340 169828 639 687 2
__824__ Tumor 7 22564 169828 639 687 2
__825__ Tumor 7 24788 167412 639 687 2
__826__ Tumor 7 27012 167412 639 687 2
__827__ Tumor 7 24788 169828 639 687 2
__828__ Tumor 7 27012 169828 639 687 2
__829__ Tumor 7 20340 172244 639 687 2
__830__ Tumor 7 22564 172244 639 687 2
__831__ Tumor 7 20340 174660 639 687 2
__832__ Tumor 7 22564 174660 639 687 2
__833__ Tumor 7 24788 172244 639 687 2
__834__ Tumor 7 33684 157748 639 687 2
__835__ Tumor 7 35908 157748 639 687 2
__836__ Tumor 7 33684 160164 639 687 2
__837__ Tumor 7 35908 160164 639 687 2
__838__ Tumor 7 29236 162580 639 687 2
__839__ Tumor 7 31460 162580 639 687 2
__840__ Tumor 7 29236 164996 639 687 2
__841__ Tumor 7 31460 164996 639 687 2
__842__ Tumor 7 33684 162580 639 687 2
__843__ Tumor 7 35908 162580 639 687 2
__844__ Tumor 7 33684 164996 639 687 2
__845__ Tumor 7 35908 164996 639 687 2
__846__ Tumor 7 38132 157748 639 687 2
__847__ Tumor 7 40356 157748 639 687 2
__848__ Tumor 7 38132 160164 639 687 2
__849__ Tumor 7 40356 160164 639 687 2
__850__ Tumor 7 42580 157748 639 687 2
__851__ Tumor 7 44804 157748 639 687 2
__852__ Tumor 7 42580 160164 639 687 2
__853__ Tumor 7 44804 160164 639 687 2
__854__ Tumor 7 38132 162580 639 687 2
__855__ Tumor 7 40356 162580 639 687 2
__856__ Tumor 7 29236 167412 639 687 2
__857__ Tumor 7 31460 167412 639 687 2
__858__ Tumor 7 33684 167412 639 687 2
__859__ Tumor 8 12556 10188 605 589 2
__860__ Tumor 8 10444 12236 605 589 2
__861__ Tumor 8 12556 12236 605 589 2
__862__ Tumor 8 14668 10188 605 589 2
__863__ Tumor 8 14668 12236 605 589 2
__864__ Tumor 8 16780 12236 605 589 2
__865__ Tumor 8 10444 14284 605 589 2
__866__ Tumor 8 12556 14284 605 589 2
__867__ Tumor 8 14668 14284 605 589 2
__868__ Tumor 8 16780 14284 605 589 2
__869__ Tumor 8 14668 16332 605 589 2
__870__ Tumor 8 85548 9900 1141 1141 2
__871__ Tumor 8 81580 13868 1141 1141 2
__872__ Tumor 8 85548 13868 1141 1141 2
__873__ Tumor 8 47200 77648 1016 888 2
__874__ Tumor 8 43600 80736 1016 888 2
__875__ Tumor 8 47200 80736 1016 888 2
__876__ Tumor 8 54400 71472 1016 888 2
__877__ Tumor 8 50800 74560 1016 888 2
__878__ Tumor 8 54400 74560 1016 888 2
__879__ Tumor 8 58000 71472 1016 888 2
__880__ Tumor 8 58000 74560 1016 888 2
__881__ Tumor 8 61600 74560 1016 888 2
__882__ Tumor 8 50800 77648 1016 888 2
__883__ Tumor 8 54400 77648 1016 888 2
__884__ Tumor 8 50800 80736 1016 888 2
__885__ Tumor 8 54400 80736 1016 888 2
__886__ Tumor 8 58000 77648 1016 888 2
__887__ Tumor 8 61600 77648 1016 888 2
__888__ Tumor 8 58000 80736 1016 888 2
__889__ Tumor 8 61600 80736 1016 888 2
__890__ Tumor 8 43600 83824 1016 888 2
__891__ Tumor 8 47200 83824 1016 888 2
__892__ Tumor 8 43600 86912 1016 888 2
__893__ Tumor 8 47200 86912 1016 888 2
__894__ Tumor 8 40000 90000 1016 888 2
__895__ Tumor 8 40000 93088 1016 888 2
__896__ Tumor 8 43600 90000 1016 888 2
__897__ Tumor 8 47200 90000 1016 888 2
__898__ Tumor 8 43600 93088 1016 888 2
__899__ Tumor 8 47200 93088 1016 888 2
__900__ Tumor 8 50800 83824 1016 888 2
__901__ Tumor 8 54400 83824 1016 888 2
__902__ Tumor 8 54400 86912 1016 888 2
__903__ Tumor 8 58000 83824 1016 888 2
__904__ Tumor 8 61600 83824 1016 888 2
__905__ Tumor 8 58000 86912 1016 888 2
__906__ Tumor 8 61600 86912 1016 888 2
__907__ Tumor 8 50800 93088 1016 888 2
__908__ Tumor 8 54400 93088 1016 888 2
__909__ Tumor 8 58000 90000 1016 888 2
__910__ Tumor 8 61600 90000 1016 888 2
__911__ Tumor 8 58000 93088 1016 888 2
__912__ Tumor 8 61600 93088 1016 888 2
__913__ Tumor 8 65200 74560 1016 888 2
__914__ Tumor 8 65200 77648 1016 888 2
__915__ Tumor 8 68800 77648 1016 888 2
__916__ Tumor 8 65200 80736 1016 888 2
__917__ Tumor 8 68800 80736 1016 888 2
__918__ Tumor 8 65200 83824 1016 888 2
__919__ Tumor 8 68800 83824 1016 888 2
__920__ Tumor 8 65200 86912 1016 888 2
__921__ Tumor 8 68800 86912 1016 888 2
__922__ Tumor 8 72400 86912 1016 888 2
__923__ Tumor 8 76000 86912 1016 888 2
__924__ Tumor 8 68800 90000 1016 888 2
__925__ Tumor 8 68800 93088 1016 888 2
__926__ Tumor 8 72400 90000 1016 888 2
__927__ Tumor 8 76000 90000 1016 888 2
__928__ Tumor 8 72400 93088 1016 888 2
__929__ Tumor 8 76000 93088 1016 888 2
__930__ Tumor 8 79600 86912 1016 888 2
__931__ Tumor 8 79600 90000 1016 888 2
__932__ Tumor 8 83200 90000 1016 888 2
__933__ Tumor 8 79600 93088 1016 888 2
__934__ Tumor 8 83200 93088 1016 888 2
__935__ Tumor 8 36400 96176 1016 888 2
__936__ Tumor 8 40000 96176 1016 888 2
__937__ Tumor 8 36400 99264 1016 888 2
__938__ Tumor 8 40000 99264 1016 888 2
__939__ Tumor 8 43600 96176 1016 888 2
__940__ Tumor 8 47200 96176 1016 888 2
__941__ Tumor 8 43600 99264 1016 888 2
__942__ Tumor 8 40000 102352 1016 888 2
__943__ Tumor 8 40000 105440 1016 888 2
__944__ Tumor 8 43600 102352 1016 888 2
__945__ Tumor 8 47200 102352 1016 888 2
__946__ Tumor 8 43600 105440 1016 888 2
__947__ Tumor 8 47200 105440 1016 888 2
__948__ Tumor 8 50800 96176 1016 888 2
__949__ Tumor 8 54400 96176 1016 888 2
__950__ Tumor 8 50800 99264 1016 888 2
__951__ Tumor 8 54400 99264 1016 888 2
__952__ Tumor 8 58000 96176 1016 888 2
__953__ Tumor 8 61600 96176 1016 888 2
__954__ Tumor 8 58000 99264 1016 888 2
__955__ Tumor 8 61600 99264 1016 888 2
__956__ Tumor 8 50800 102352 1016 888 2
__957__ Tumor 8 54400 102352 1016 888 2
__958__ Tumor 8 50800 105440 1016 888 2
__959__ Tumor 8 54400 105440 1016 888 2
__960__ Tumor 8 58000 102352 1016 888 2
__961__ Tumor 8 61600 102352 1016 888 2
__962__ Tumor 8 58000 105440 1016 888 2
__963__ Tumor 8 61600 105440 1016 888 2
__964__ Tumor 8 36400 108528 1016 888 2
__965__ Tumor 8 43600 108528 1016 888 2
__966__ Tumor 8 47200 108528 1016 888 2
__967__ Tumor 8 47200 111616 1016 888 2
__968__ Tumor 8 50800 108528 1016 888 2
__969__ Tumor 8 54400 108528 1016 888 2
__970__ Tumor 8 50800 111616 1016 888 2
__971__ Tumor 8 58000 108528 1016 888 2
__972__ Tumor 8 61600 108528 1016 888 2
__973__ Tumor 8 58000 111616 1016 888 2
__974__ Tumor 8 61600 111616 1016 888 2
__975__ Tumor 8 68800 96176 1016 888 2
__976__ Tumor 8 68800 99264 1016 888 2
__977__ Tumor 8 72400 96176 1016 888 2
__978__ Tumor 8 76000 96176 1016 888 2
__979__ Tumor 8 72400 99264 1016 888 2
__980__ Tumor 8 76000 99264 1016 888 2
__981__ Tumor 8 65200 102352 1016 888 2
__982__ Tumor 8 68800 102352 1016 888 2
__983__ Tumor 8 65200 105440 1016 888 2
__984__ Tumor 8 68800 105440 1016 888 2
__985__ Tumor 8 79600 96176 1016 888 2
__986__ Tumor 8 83200 96176 1016 888 2
__987__ Tumor 8 79600 99264 1016 888 2
__988__ Tumor 8 83200 99264 1016 888 2
__989__ Tumor 8 86800 96176 1016 888 2
__990__ Tumor 8 86800 99264 1016 888 2
__991__ Tumor 8 79600 102352 1016 888 2
__992__ Tumor 8 83200 102352 1016 888 2
__993__ Tumor 8 83200 105440 1016 888 2
__994__ Tumor 8 86800 102352 1016 888 2
__995__ Tumor 8 90400 102352 1016 888 2
__996__ Tumor 8 86800 105440 1016 888 2
__997__ Tumor 8 90400 105440 1016 888 2
__998__ Tumor 8 65200 108528 1016 888 2
__999__ Tumor 8 68800 108528 1016 888 2
__1000__ Tumor 8 65200 111616 1016 888 2
__1001__ Tumor 8 68800 111616 1016 888 2
__1002__ Tumor 8 68800 114704 1016 888 2
__1003__ Tumor 8 83200 108528 1016 888 2
__1004__ Tumor 8 83200 111616 1016 888 2
__1005__ Tumor 8 86800 108528 1016 888 2
__1006__ Tumor 8 90400 108528 1016 888 2
__1007__ Tumor 8 86800 111616 1016 888 2
__1008__ Tumor 8 90400 111616 1016 888 2
__1009__ Tumor 8 83200 114704 1016 888 2
__1010__ Tumor 8 83200 117792 1016 888 2
__1011__ Tumor 8 86800 114704 1016 888 2
__1012__ Tumor 8 86800 117792 1016 888 2
__1013__ Tumor 8 4532 106036 915 883 2
__1014__ Tumor 8 7732 102964 915 883 2
__1015__ Tumor 8 10932 102964 915 883 2
__1016__ Tumor 8 7732 106036 915 883 2
__1017__ Tumor 8 10932 106036 915 883 2
__1018__ Tumor 8 4532 109108 915 883 2
__1019__ Tumor 8 4532 112180 915 883 2
__1020__ Tumor 8 7732 109108 915 883 2
__1021__ Tumor 8 10932 109108 915 883 2
__1022__ Tumor 8 7732 112180 915 883 2
__1023__ Tumor 8 10932 112180 915 883 2
__1024__ Tumor 8 14132 106036 915 883 2
__1025__ Tumor 8 14132 109108 915 883 2
__1026__ Tumor 8 17332 109108 915 883 2
__1027__ Tumor 8 14132 112180 915 883 2
__1028__ Tumor 8 17332 112180 915 883 2
__1029__ Tumor 8 20532 109108 915 883 2
__1030__ Tumor 8 20532 112180 915 883 2
__1031__ Tumor 8 23732 112180 915 883 2
__1032__ Tumor 8 1332 115252 915 883 2
__1033__ Tumor 8 4532 115252 915 883 2
__1034__ Tumor 8 1332 118324 915 883 2
__1035__ Tumor 8 4532 118324 915 883 2
__1036__ Tumor 8 7732 115252 915 883 2
__1037__ Tumor 8 10932 115252 915 883 2
__1038__ Tumor 8 7732 118324 915 883 2
__1039__ Tumor 8 10932 118324 915 883 2
__1040__ Tumor 8 4532 121396 915 883 2
__1041__ Tumor 8 7732 121396 915 883 2
__1042__ Tumor 8 10932 121396 915 883 2
__1043__ Tumor 8 7732 124468 915 883 2
__1044__ Tumor 8 10932 124468 915 883 2
__1045__ Tumor 8 29528 107096 1322 810 2
__1046__ Tumor 8 29528 109912 1322 810 2
__1047__ Tumor 8 34392 109912 1322 810 2
__1048__ Tumor 8 68084 116212 643 515 2
__1049__ Tumor 8 70388 116212 643 515 2
__1050__ Tumor 8 68084 118004 643 515 2
__1051__ Tumor 8 70388 118004 643 515 2
__1052__ Tumor 8 3384 128952 626 1194 2
__1053__ Tumor 8 1208 133400 626 1194 2
__1054__ Tumor 8 3384 133400 626 1194 2
__1055__ Tumor 8 5560 128952 626 1194 2
__1056__ Tumor 8 7736 128952 626 1194 2
__1057__ Tumor 8 5560 133400 626 1194 2
__1058__ Tumor 8 7736 133400 626 1194 2
__1059__ Tumor 8 1208 137848 626 1194 2
__1060__ Tumor 8 3384 137848 626 1194 2
__1061__ Tumor 8 3384 142296 626 1194 2
__1062__ Tumor 8 5560 137848 626 1194 2
__1063__ Tumor 8 7736 137848 626 1194 2
__1064__ Tumor 8 5560 142296 626 1194 2
__1065__ Tumor 8 7736 142296 626 1194 2
__1066__ Tumor 8 9912 128952 626 1194 2
__1067__ Tumor 8 9912 133400 626 1194 2
__1068__ Tumor 8 12088 133400 626 1194 2
__1069__ Tumor 8 9912 137848 626 1194 2
__1070__ Tumor 8 9912 142296 626 1194 2
__1071__ Tumor 8 3384 146744 626 1194 2
__1072__ Tumor 8 3384 151192 626 1194 2
__1073__ Tumor 8 5560 146744 626 1194 2
__1074__ Tumor 8 7736 146744 626 1194 2
__1075__ Tumor 8 5560 151192 626 1194 2
__1076__ Tumor 8 7736 151192 626 1194 2
__1077__ Tumor 8 5560 155640 626 1194 2
__1078__ Tumor 8 7736 155640 626 1194 2
__1079__ Tumor 8 9912 146744 626 1194 2
__1080__ Tumor 8 9912 151192 626 1194 2
__1081__ Tumor 8 12088 151192 626 1194 2
__1082__ Tumor 8 9912 155640 626 1194 2
__1083__ Tumor 8 12088 155640 626 1194 2
__1084__ Tumor 8 9912 160088 626 1194 2
__1085__ Tumor 8 12088 160088 626 1194 2
__1086__ Tumor 8 14264 155640 626 1194 2
__1087__ Tumor 8 14264 160088 626 1194 2
__1088__ Tumor 8 16440 160088 626 1194 2
__1089__ Tumor 9 60240 70064 796 580 2
__1090__ Tumor 9 63120 70064 796 580 2
__1091__ Tumor 9 57360 74096 796 580 2
__1092__ Tumor 9 60240 72080 796 580 2
__1093__ Tumor 9 63120 72080 796 580 2
__1094__ Tumor 9 60240 74096 796 580 2
__1095__ Tumor 9 63120 74096 796 580 2
__1096__ Tumor 9 66000 74096 796 580 2
__1097__ Tumor 9 68880 74096 796 580 2
__1098__ Tumor 9 71760 74096 796 580 2
__1099__ Tumor 9 54480 76112 796 580 2
__1100__ Tumor 9 57360 76112 796 580 2
__1101__ Tumor 9 54480 78128 796 580 2
__1102__ Tumor 9 57360 78128 796 580 2
__1103__ Tumor 9 60240 76112 796 580 2
__1104__ Tumor 9 63120 76112 796 580 2
__1105__ Tumor 9 60240 78128 796 580 2
__1106__ Tumor 9 63120 78128 796 580 2
__1107__ Tumor 9 54480 80144 796 580 2
__1108__ Tumor 9 57360 80144 796 580 2
__1109__ Tumor 9 57360 82160 796 580 2
__1110__ Tumor 9 60240 80144 796 580 2
__1111__ Tumor 9 63120 80144 796 580 2
__1112__ Tumor 9 60240 82160 796 580 2
__1113__ Tumor 9 63120 82160 796 580 2
__1114__ Tumor 9 66000 76112 796 580 2
__1115__ Tumor 9 68880 76112 796 580 2
__1116__ Tumor 9 66000 78128 796 580 2
__1117__ Tumor 9 68880 78128 796 580 2
__1118__ Tumor 9 71760 76112 796 580 2
__1119__ Tumor 9 74640 76112 796 580 2
__1120__ Tumor 9 71760 78128 796 580 2
__1121__ Tumor 9 74640 78128 796 580 2
__1122__ Tumor 9 66000 80144 796 580 2
__1123__ Tumor 9 68880 80144 796 580 2
__1124__ Tumor 9 71760 80144 796 580 2
__1125__ Tumor 9 71760 82160 796 580 2
__1126__ Tumor 9 42220 80044 869 405 2
__1127__ Tumor 9 45484 78636 869 405 2
__1128__ Tumor 9 48748 78636 869 405 2
__1129__ Tumor 9 45484 80044 869 405 2
__1130__ Tumor 9 48748 80044 869 405 2
__1131__ Tumor 9 38956 81452 869 405 2
__1132__ Tumor 9 42220 81452 869 405 2
__1133__ Tumor 9 38956 82860 869 405 2
__1134__ Tumor 9 42220 82860 869 405 2
__1135__ Tumor 9 45484 81452 869 405 2
__1136__ Tumor 9 48748 81452 869 405 2
__1137__ Tumor 9 45484 82860 869 405 2
__1138__ Tumor 9 48748 82860 869 405 2
__1139__ Tumor 9 74676 78516 635 811 2
__1140__ Tumor 9 81300 78516 635 811 2
__1141__ Tumor 9 79092 81428 635 811 2
__1142__ Tumor 9 81300 81428 635 811 2
__1143__ Tumor 9 76884 84340 635 811 2
__1144__ Tumor 9 76884 87252 635 811 2
__1145__ Tumor 9 79092 84340 635 811 2
__1146__ Tumor 9 81300 84340 635 811 2
__1147__ Tumor 9 79092 87252 635 811 2
__1148__ Tumor 9 81300 87252 635 811 2
__1149__ Tumor 9 83508 78516 635 811 2
__1150__ Tumor 9 83508 81428 635 811 2
__1151__ Tumor 9 83508 87252 635 811 2
__1152__ Tumor 9 85716 87252 635 811 2
__1153__ Tumor 9 79092 90164 635 811 2
__1154__ Tumor 9 87924 90164 635 811 2
__1155__ Tumor 9 90132 90164 635 811 2
__1156__ Tumor 9 87924 93076 635 811 2
__1157__ Tumor 9 90132 93076 635 811 2
__1158__ Tumor 9 87924 95988 635 811 2
__1159__ Tumor 9 87924 98900 635 811 2
__1160__ Tumor 9 35092 80788 699 795 2
__1161__ Tumor 9 32660 83604 699 795 2
__1162__ Tumor 9 35092 83604 699 795 2
__1163__ Tumor 9 37264 111632 620 524 2
__1164__ Tumor 9 39472 111632 620 524 2
__1165__ Tumor 9 41680 111632 620 524 2
__1166__ Tumor 9 35056 113456 620 524 2
__1167__ Tumor 9 37264 113456 620 524 2
__1168__ Tumor 9 35056 115280 620 524 2
__1169__ Tumor 9 37264 115280 620 524 2
__1170__ Tumor 9 39472 113456 620 524 2
__1171__ Tumor 9 41680 113456 620 524 2
__1172__ Tumor 9 39472 115280 620 524 2
__1173__ Tumor 9 41680 115280 620 524 2
__1174__ Tumor 9 43888 111632 620 524 2
__1175__ Tumor 9 46096 111632 620 524 2
__1176__ Tumor 9 43888 113456 620 524 2
__1177__ Tumor 9 46096 113456 620 524 2
__1178__ Tumor 9 43888 115280 620 524 2
__1179__ Tumor 9 46096 115280 620 524 2
__1180__ Tumor 9 48304 113456 620 524 2
__1181__ Tumor 9 48304 115280 620 524 2
__1182__ Tumor 9 50512 115280 620 524 2
__1183__ Tumor 9 35056 117104 620 524 2
__1184__ Tumor 9 37264 117104 620 524 2
__1185__ Tumor 9 39472 117104 620 524 2
__1186__ Tumor 9 41680 117104 620 524 2
__1187__ Tumor 9 39472 118928 620 524 2
__1188__ Tumor 9 41680 118928 620 524 2
__1189__ Tumor 9 41680 120752 620 524 2
__1190__ Tumor 9 43888 117104 620 524 2
__1191__ Tumor 9 46096 117104 620 524 2
__1192__ Tumor 9 43888 118928 620 524 2
__1193__ Tumor 9 46096 118928 620 524 2
__1194__ Tumor 9 48304 117104 620 524 2
__1195__ Tumor 9 48304 118928 620 524 2
__1196__ Tumor 9 43888 120752 620 524 2
__1197__ Tumor 9 46096 120752 620 524 2
__1198__ Tumor 9 43888 122576 620 524 2
__1199__ Tumor 9 46096 122576 620 524 2
__1200__ Tumor 9 48304 120752 620 524 2
__1201__ Tumor 9 53516 115468 1085 957 2
__1202__ Tumor 9 57356 115468 1085 957 2
__1203__ Tumor 9 57356 118796 1085 957 2
__1204__ Tumor 9 57356 122124 1085 957 2
__1205__ Tumor 9 61196 118796 1085 957 2
__1206__ Tumor 9 61196 122124 1085 957 2
__1207__ Tumor 9 65036 122124 1085 957 2
__1208__ Tumor 9 80396 115468 1085 957 2
__1209__ Tumor 9 68876 122124 1085 957 2
__1210__ Tumor 9 72716 122124 1085 957 2
__1211__ Tumor 9 80396 118796 1085 957 2
__1212__ Tumor 9 76556 122124 1085 957 2
__1213__ Tumor 9 53516 125452 1085 957 2
__1214__ Tumor 9 57356 125452 1085 957 2
__1215__ Tumor 9 53516 128780 1085 957 2
__1216__ Tumor 9 57356 128780 1085 957 2
__1217__ Tumor 9 61196 125452 1085 957 2
__1218__ Tumor 9 65036 125452 1085 957 2
__1219__ Tumor 9 61196 128780 1085 957 2
__1220__ Tumor 9 65036 128780 1085 957 2
__1221__ Tumor 9 57356 132108 1085 957 2
__1222__ Tumor 9 61196 132108 1085 957 2
__1223__ Tumor 9 65036 132108 1085 957 2
__1224__ Tumor 9 61196 135436 1085 957 2
__1225__ Tumor 9 65036 135436 1085 957 2
__1226__ Tumor 9 68876 125452 1085 957 2
__1227__ Tumor 9 72716 125452 1085 957 2
__1228__ Tumor 9 68876 128780 1085 957 2
__1229__ Tumor 9 72716 128780 1085 957 2
__1230__ Tumor 9 76556 125452 1085 957 2
__1231__ Tumor 9 80396 125452 1085 957 2
__1232__ Tumor 9 76556 128780 1085 957 2
__1233__ Tumor 9 80396 128780 1085 957 2
__1234__ Tumor 9 68876 132108 1085 957 2
__1235__ Tumor 9 72716 132108 1085 957 2
__1236__ Tumor 9 68876 135436 1085 957 2
__1237__ Tumor 9 72716 135436 1085 957 2
__1238__ Tumor 9 76556 132108 1085 957 2
__1239__ Tumor 9 13380 145044 543 627 2
__1240__ Tumor 9 15268 145044 543 627 2
__1241__ Tumor 9 17156 145044 543 627 2
__1242__ Tumor 9 13380 147268 543 627 2
__1243__ Tumor 9 13380 149492 543 627 2
__1244__ Tumor 9 15268 147268 543 627 2
__1245__ Tumor 9 17156 147268 543 627 2
__1246__ Tumor 9 15268 149492 543 627 2
__1247__ Tumor 9 17156 149492 543 627 2
__1248__ Tumor 9 19044 147268 543 627 2
__1249__ Tumor 9 19044 149492 543 627 2
__1250__ Tumor 9 20932 149492 543 627 2
__1251__ Tumor 9 13380 151716 543 627 2
__1252__ Tumor 9 13380 153940 543 627 2
__1253__ Tumor 9 15268 151716 543 627 2
__1254__ Tumor 9 17156 151716 543 627 2
__1255__ Tumor 9 15268 153940 543 627 2
__1256__ Tumor 9 17156 153940 543 627 2
__1257__ Tumor 9 13380 156164 543 627 2
__1258__ Tumor 9 15268 156164 543 627 2
__1259__ Tumor 9 17156 156164 543 627 2
__1260__ Tumor 9 15268 158388 543 627 2
__1261__ Tumor 9 17156 158388 543 627 2
__1262__ Tumor 9 19044 151716 543 627 2
__1263__ Tumor 9 20932 151716 543 627 2
__1264__ Tumor 9 19044 153940 543 627 2
__1265__ Tumor 9 20932 153940 543 627 2
__1266__ Tumor 9 22820 151716 543 627 2
__1267__ Tumor 9 22820 153940 543 627 2
__1268__ Tumor 9 24708 153940 543 627 2
__1269__ Tumor 9 19044 156164 543 627 2
__1270__ Tumor 9 20932 156164 543 627 2
__1271__ Tumor 9 19044 158388 543 627 2
__1272__ Tumor 9 20932 158388 543 627 2
__1273__ Tumor 9 22820 156164 543 627 2
__1274__ Tumor 9 24708 156164 543 627 2
__1275__ Tumor 9 22820 158388 543 627 2
__1276__ Tumor 9 24708 158388 543 627 2
__1277__ Tumor 9 26596 153940 543 627 2
__1278__ Tumor 9 28484 153940 543 627 2
__1279__ Tumor 9 26596 156164 543 627 2
__1280__ Tumor 9 26596 158388 543 627 2
__1281__ Tumor 9 28484 158388 543 627 2
__1282__ Tumor 9 30372 158388 543 627 2
__1283__ Tumor 9 32260 158388 543 627 2
__1284__ Tumor 9 34148 158388 543 627 2
__1285__ Tumor 9 36036 158388 543 627 2
__1286__ Tumor 9 13380 162836 543 627 2
__1287__ Tumor 9 15268 160612 543 627 2
__1288__ Tumor 9 17156 160612 543 627 2
__1289__ Tumor 9 15268 162836 543 627 2
__1290__ Tumor 9 17156 162836 543 627 2
__1291__ Tumor 9 15268 165060 543 627 2
__1292__ Tumor 9 17156 165060 543 627 2
__1293__ Tumor 9 15268 167284 543 627 2
__1294__ Tumor 9 17156 167284 543 627 2
__1295__ Tumor 9 19044 160612 543 627 2
__1296__ Tumor 9 20932 160612 543 627 2
__1297__ Tumor 9 19044 162836 543 627 2
__1298__ Tumor 9 20932 162836 543 627 2
__1299__ Tumor 9 22820 160612 543 627 2
__1300__ Tumor 9 24708 160612 543 627 2
__1301__ Tumor 9 22820 162836 543 627 2
__1302__ Tumor 9 24708 162836 543 627 2
__1303__ Tumor 9 19044 165060 543 627 2
__1304__ Tumor 9 20932 165060 543 627 2
__1305__ Tumor 9 19044 167284 543 627 2
__1306__ Tumor 9 20932 167284 543 627 2
__1307__ Tumor 9 22820 165060 543 627 2
__1308__ Tumor 9 24708 165060 543 627 2
__1309__ Tumor 9 22820 167284 543 627 2
__1310__ Tumor 9 24708 167284 543 627 2
__1311__ Tumor 9 15268 169508 543 627 2
__1312__ Tumor 9 17156 169508 543 627 2
__1313__ Tumor 9 17156 171732 543 627 2
__1314__ Tumor 9 19044 169508 543 627 2
__1315__ Tumor 9 20932 169508 543 627 2
__1316__ Tumor 9 19044 171732 543 627 2
__1317__ Tumor 9 20932 171732 543 627 2
__1318__ Tumor 9 22820 169508 543 627 2
__1319__ Tumor 9 24708 169508 543 627 2
__1320__ Tumor 9 22820 171732 543 627 2
__1321__ Tumor 9 24708 171732 543 627 2
__1322__ Tumor 9 22820 173956 543 627 2
__1323__ Tumor 9 24708 173956 543 627 2
__1324__ Tumor 9 26596 160612 543 627 2
__1325__ Tumor 9 28484 160612 543 627 2
__1326__ Tumor 9 26596 162836 543 627 2
__1327__ Tumor 9 28484 162836 543 627 2
__1328__ Tumor 9 30372 160612 543 627 2
__1329__ Tumor 9 32260 160612 543 627 2
__1330__ Tumor 9 30372 162836 543 627 2
__1331__ Tumor 9 32260 162836 543 627 2
__1332__ Tumor 9 26596 167284 543 627 2
__1333__ Tumor 9 28484 167284 543 627 2
__1334__ Tumor 9 30372 167284 543 627 2
__1335__ Tumor 9 32260 167284 543 627 2
__1336__ Tumor 9 34148 160612 543 627 2
__1337__ Tumor 9 34148 165060 543 627 2
__1338__ Tumor 9 36036 165060 543 627 2
__1339__ Tumor 9 36036 167284 543 627 2
__1340__ Tumor 9 37924 165060 543 627 2
__1341__ Tumor 9 39812 165060 543 627 2
__1342__ Tumor 9 37924 167284 543 627 2
__1343__ Tumor 9 39812 167284 543 627 2
__1344__ Tumor 9 26596 169508 543 627 2
__1345__ Tumor 9 28484 169508 543 627 2
__1346__ Tumor 9 26596 171732 543 627 2
__1347__ Tumor 9 28484 171732 543 627 2
__1348__ Tumor 9 30372 169508 543 627 2
__1349__ Tumor 9 32260 169508 543 627 2
__1350__ Tumor 9 30372 171732 543 627 2
__1351__ Tumor 9 32260 171732 543 627 2
__1352__ Tumor 9 26596 173956 543 627 2
__1353__ Tumor 9 28484 173956 543 627 2
__1354__ Tumor 9 30372 173956 543 627 2
__1355__ Tumor 9 32260 173956 543 627 2
__1356__ Tumor 9 30372 176180 543 627 2
__1357__ Tumor 9 32260 176180 543 627 2
__1358__ Tumor 9 34148 169508 543 627 2
__1359__ Tumor 9 34148 171732 543 627 2
__1360__ Tumor 9 36036 171732 543 627 2
__1361__ Tumor 9 37924 169508 543 627 2
__1362__ Tumor 9 39812 169508 543 627 2
__1363__ Tumor 9 34148 173956 543 627 2
__1364__ Tumor 9 36036 173956 543 627 2
__1365__ Tumor 9 34148 176180 543 627 2
__1366__ Tumor 9 36036 176180 543 627 2
__1367__ Tumor 9 37924 173956 543 627 2
__1368__ Tumor 9 37924 176180 543 627 2
__1369__ Tumor 9 34936 164728 898 754 2
__1370__ Tumor 9 38136 164728 898 754 2
__1371__ Tumor 9 34936 167352 898 754 2
__1372__ Tumor 9 38136 167352 898 754 2
__1373__ Tumor 9 34936 169976 898 754 2
__1374__ Tumor 9 38136 169976 898 754 2
__1375__ Tumor 9 34936 172600 898 754 2
__1376__ Tumor 9 41336 169976 898 754 2
__1377__ Tumor 9 44536 172600 898 754 2
__1378__ Tumor 10 41552 94192 844 520 2
__1379__ Tumor 10 38448 96000 844 520 2
__1380__ Tumor 10 41552 96000 844 520 2
__1381__ Tumor 10 35344 97808 844 520 2
__1382__ Tumor 10 35344 99616 844 520 2
__1383__ Tumor 10 38448 97808 844 520 2
__1384__ Tumor 10 41552 97808 844 520 2
__1385__ Tumor 10 38448 99616 844 520 2
__1386__ Tumor 10 41552 99616 844 520 2
__1387__ Tumor 10 44656 96000 844 520 2
__1388__ Tumor 10 47760 96000 844 520 2
__1389__ Tumor 10 50864 94192 844 520 2
__1390__ Tumor 10 53968 94192 844 520 2
__1391__ Tumor 10 50864 96000 844 520 2
__1392__ Tumor 10 53968 96000 844 520 2
__1393__ Tumor 10 44656 97808 844 520 2
__1394__ Tumor 10 47760 97808 844 520 2
__1395__ Tumor 10 44656 99616 844 520 2
__1396__ Tumor 10 50864 97808 844 520 2
__1397__ Tumor 10 53968 97808 844 520 2
__1398__ Tumor 10 50864 99616 844 520 2
__1399__ Tumor 10 53968 99616 844 520 2
__1400__ Tumor 10 32240 101424 844 520 2
__1401__ Tumor 10 35344 101424 844 520 2
__1402__ Tumor 10 32240 103232 844 520 2
__1403__ Tumor 10 35344 103232 844 520 2
__1404__ Tumor 10 38448 101424 844 520 2
__1405__ Tumor 10 41552 101424 844 520 2
__1406__ Tumor 10 38448 103232 844 520 2
__1407__ Tumor 10 41552 103232 844 520 2
__1408__ Tumor 10 32240 105040 844 520 2
__1409__ Tumor 10 35344 105040 844 520 2
__1410__ Tumor 10 32240 106848 844 520 2
__1411__ Tumor 10 35344 106848 844 520 2
__1412__ Tumor 10 38448 105040 844 520 2
__1413__ Tumor 10 41552 105040 844 520 2
__1414__ Tumor 10 38448 106848 844 520 2
__1415__ Tumor 10 41552 106848 844 520 2
__1416__ Tumor 10 44656 101424 844 520 2
__1417__ Tumor 10 50864 101424 844 520 2
__1418__ Tumor 10 53968 101424 844 520 2
__1419__ Tumor 10 50864 103232 844 520 2
__1420__ Tumor 10 53968 103232 844 520 2
__1421__ Tumor 10 53968 106848 844 520 2
__1422__ Tumor 10 57072 96000 844 520 2
__1423__ Tumor 10 60176 96000 844 520 2
__1424__ Tumor 10 63280 96000 844 520 2
__1425__ Tumor 10 57072 97808 844 520 2
__1426__ Tumor 10 60176 97808 844 520 2
__1427__ Tumor 10 57072 99616 844 520 2
__1428__ Tumor 10 60176 99616 844 520 2
__1429__ Tumor 10 63280 97808 844 520 2
__1430__ Tumor 10 66384 97808 844 520 2
__1431__ Tumor 10 63280 99616 844 520 2
__1432__ Tumor 10 66384 99616 844 520 2
__1433__ Tumor 10 69488 97808 844 520 2
__1434__ Tumor 10 69488 99616 844 520 2
__1435__ Tumor 10 72592 99616 844 520 2
__1436__ Tumor 10 57072 101424 844 520 2
__1437__ Tumor 10 60176 101424 844 520 2
__1438__ Tumor 10 57072 103232 844 520 2
__1439__ Tumor 10 60176 103232 844 520 2
__1440__ Tumor 10 63280 101424 844 520 2
__1441__ Tumor 10 66384 101424 844 520 2
__1442__ Tumor 10 63280 103232 844 520 2
__1443__ Tumor 10 66384 103232 844 520 2
__1444__ Tumor 10 57072 105040 844 520 2
__1445__ Tumor 10 60176 105040 844 520 2
__1446__ Tumor 10 57072 106848 844 520 2
__1447__ Tumor 10 60176 106848 844 520 2
__1448__ Tumor 10 63280 105040 844 520 2
__1449__ Tumor 10 66384 105040 844 520 2
__1450__ Tumor 10 63280 106848 844 520 2
__1451__ Tumor 10 66384 106848 844 520 2
__1452__ Tumor 10 69488 101424 844 520 2
__1453__ Tumor 10 72592 101424 844 520 2
__1454__ Tumor 10 69488 103232 844 520 2
__1455__ Tumor 10 72592 103232 844 520 2
__1456__ Tumor 10 75696 101424 844 520 2
__1457__ Tumor 10 75696 103232 844 520 2
__1458__ Tumor 10 78800 103232 844 520 2
__1459__ Tumor 10 69488 105040 844 520 2
__1460__ Tumor 10 72592 105040 844 520 2
__1461__ Tumor 10 69488 106848 844 520 2
__1462__ Tumor 10 72592 106848 844 520 2
__1463__ Tumor 10 75696 105040 844 520 2
__1464__ Tumor 10 78800 105040 844 520 2
__1465__ Tumor 10 75696 106848 844 520 2
__1466__ Tumor 10 78800 106848 844 520 2
__1467__ Tumor 10 32240 108656 844 520 2
__1468__ Tumor 10 35344 108656 844 520 2
__1469__ Tumor 10 32240 110464 844 520 2
__1470__ Tumor 10 35344 110464 844 520 2
__1471__ Tumor 10 38448 108656 844 520 2
__1472__ Tumor 10 41552 108656 844 520 2
__1473__ Tumor 10 38448 110464 844 520 2
__1474__ Tumor 10 41552 110464 844 520 2
__1475__ Tumor 10 32240 112272 844 520 2
__1476__ Tumor 10 35344 112272 844 520 2
__1477__ Tumor 10 35344 114080 844 520 2
__1478__ Tumor 10 38448 112272 844 520 2
__1479__ Tumor 10 41552 112272 844 520 2
__1480__ Tumor 10 38448 114080 844 520 2
__1481__ Tumor 10 41552 114080 844 520 2
__1482__ Tumor 10 53968 108656 844 520 2
__1483__ Tumor 10 53968 110464 844 520 2
__1484__ Tumor 10 44656 114080 844 520 2
__1485__ Tumor 10 53968 112272 844 520 2
__1486__ Tumor 10 53968 114080 844 520 2
__1487__ Tumor 10 35344 115888 844 520 2
__1488__ Tumor 10 38448 115888 844 520 2
__1489__ Tumor 10 41552 115888 844 520 2
__1490__ Tumor 10 38448 117696 844 520 2
__1491__ Tumor 10 41552 117696 844 520 2
__1492__ Tumor 10 38448 119504 844 520 2
__1493__ Tumor 10 41552 119504 844 520 2
__1494__ Tumor 10 44656 115888 844 520 2
__1495__ Tumor 10 44656 117696 844 520 2
__1496__ Tumor 10 53968 115888 844 520 2
__1497__ Tumor 10 44656 119504 844 520 2
__1498__ Tumor 10 44656 121312 844 520 2
__1499__ Tumor 10 57072 108656 844 520 2
__1500__ Tumor 10 60176 108656 844 520 2
__1501__ Tumor 10 57072 110464 844 520 2
__1502__ Tumor 10 60176 110464 844 520 2
__1503__ Tumor 10 63280 108656 844 520 2
__1504__ Tumor 10 66384 108656 844 520 2
__1505__ Tumor 10 63280 110464 844 520 2
__1506__ Tumor 10 66384 110464 844 520 2
__1507__ Tumor 10 57072 112272 844 520 2
__1508__ Tumor 10 60176 112272 844 520 2
__1509__ Tumor 10 57072 114080 844 520 2
__1510__ Tumor 10 60176 114080 844 520 2
__1511__ Tumor 10 63280 112272 844 520 2
__1512__ Tumor 10 66384 112272 844 520 2
__1513__ Tumor 10 63280 114080 844 520 2
__1514__ Tumor 10 66384 114080 844 520 2
__1515__ Tumor 10 69488 108656 844 520 2
__1516__ Tumor 10 72592 108656 844 520 2
__1517__ Tumor 10 69488 110464 844 520 2
__1518__ Tumor 10 72592 110464 844 520 2
__1519__ Tumor 10 75696 108656 844 520 2
__1520__ Tumor 10 78800 108656 844 520 2
__1521__ Tumor 10 75696 110464 844 520 2
__1522__ Tumor 10 78800 110464 844 520 2
__1523__ Tumor 10 69488 112272 844 520 2
__1524__ Tumor 10 72592 112272 844 520 2
__1525__ Tumor 10 69488 114080 844 520 2
__1526__ Tumor 10 72592 114080 844 520 2
__1527__ Tumor 10 75696 112272 844 520 2
__1528__ Tumor 10 78800 112272 844 520 2
__1529__ Tumor 10 75696 114080 844 520 2
__1530__ Tumor 10 57072 115888 844 520 2
__1531__ Tumor 10 60176 115888 844 520 2
__1532__ Tumor 10 57072 117696 844 520 2
__1533__ Tumor 10 60176 117696 844 520 2
__1534__ Tumor 10 63280 115888 844 520 2
__1535__ Tumor 10 66384 115888 844 520 2
__1536__ Tumor 10 63280 117696 844 520 2
__1537__ Tumor 10 66384 117696 844 520 2
__1538__ Tumor 10 69488 115888 844 520 2
__1539__ Tumor 10 72592 115888 844 520 2
__1540__ Tumor 10 72592 117696 844 520 2
__1541__ Tumor 10 75696 115888 844 520 2
__1542__ Tumor 10 50600 102312 662 726 2
__1543__ Tumor 10 45156 144884 631 515 2
__1544__ Tumor 10 40644 148468 631 515 2
__1545__ Tumor 10 42900 146676 631 515 2
__1546__ Tumor 10 45156 146676 631 515 2
__1547__ Tumor 10 42900 148468 631 515 2
__1548__ Tumor 10 47412 143092 631 515 2
__1549__ Tumor 10 51924 148468 631 515 2
__1550__ Tumor 10 40644 150260 631 515 2
__1551__ Tumor 10 38388 152052 631 515 2
__1552__ Tumor 10 40644 152052 631 515 2
__1553__ Tumor 10 42900 152052 631 515 2
__1554__ Tumor 10 45156 152052 631 515 2
__1555__ Tumor 10 40644 153844 631 515 2
__1556__ Tumor 10 42900 153844 631 515 2
__1557__ Tumor 10 45156 153844 631 515 2
__1558__ Tumor 10 45156 155636 631 515 2
__1559__ Tumor 10 49668 150260 631 515 2
__1560__ Tumor 10 47412 152052 631 515 2
__1561__ Tumor 10 49668 152052 631 515 2
__1562__ Tumor 10 51924 150260 631 515 2
__1563__ Tumor 10 51924 152052 631 515 2
__1564__ Tumor 10 54180 152052 631 515 2
__1565__ Tumor 10 47412 153844 631 515 2
__1566__ Tumor 10 49668 153844 631 515 2
__1567__ Tumor 10 47412 155636 631 515 2
__1568__ Tumor 10 49668 155636 631 515 2
__1569__ Tumor 10 51924 153844 631 515 2
__1570__ Tumor 10 54180 153844 631 515 2
__1571__ Tumor 10 51924 155636 631 515 2
__1572__ Tumor 10 54180 155636 631 515 2
__1573__ Tumor 10 58692 144884 631 515 2
__1574__ Tumor 10 63204 152052 631 515 2
__1575__ Tumor 10 56436 153844 631 515 2
__1576__ Tumor 10 58692 153844 631 515 2
__1577__ Tumor 10 56436 155636 631 515 2
__1578__ Tumor 10 58692 155636 631 515 2
__1579__ Tumor 10 60948 153844 631 515 2
__1580__ Tumor 10 63204 153844 631 515 2
__1581__ Tumor 10 60948 155636 631 515 2
__1582__ Tumor 10 63204 155636 631 515 2
__1583__ Tumor 10 65460 153844 631 515 2
__1584__ Tumor 10 65460 155636 631 515 2
__1585__ Tumor 10 67716 155636 631 515 2
__1586__ Tumor 10 69972 155636 631 515 2
__1587__ Tumor 10 72228 155636 631 515 2
__1588__ Tumor 10 38388 162804 631 515 2
__1589__ Tumor 10 40644 162804 631 515 2
__1590__ Tumor 10 42900 161012 631 515 2
__1591__ Tumor 10 49668 157428 631 515 2
__1592__ Tumor 10 49668 159220 631 515 2
__1593__ Tumor 10 51924 157428 631 515 2
__1594__ Tumor 10 38388 164596 631 515 2
__1595__ Tumor 10 40644 164596 631 515 2
__1596__ Tumor 10 38388 166388 631 515 2
__1597__ Tumor 10 40644 166388 631 515 2
__1598__ Tumor 10 42900 164596 631 515 2
__1599__ Tumor 10 45156 164596 631 515 2
__1600__ Tumor 10 42900 166388 631 515 2
__1601__ Tumor 10 45156 166388 631 515 2
__1602__ Tumor 10 38388 168180 631 515 2
__1603__ Tumor 10 40644 168180 631 515 2
__1604__ Tumor 10 38388 169972 631 515 2
__1605__ Tumor 10 40644 169972 631 515 2
__1606__ Tumor 10 42900 168180 631 515 2
__1607__ Tumor 10 45156 168180 631 515 2
__1608__ Tumor 10 42900 169972 631 515 2
__1609__ Tumor 10 45156 169972 631 515 2
__1610__ Tumor 10 49668 164596 631 515 2
__1611__ Tumor 10 47412 166388 631 515 2
__1612__ Tumor 10 49668 166388 631 515 2
__1613__ Tumor 10 51924 164596 631 515 2
__1614__ Tumor 10 54180 164596 631 515 2
__1615__ Tumor 10 51924 166388 631 515 2
__1616__ Tumor 10 54180 166388 631 515 2
__1617__ Tumor 10 49668 168180 631 515 2
__1618__ Tumor 10 51924 168180 631 515 2
__1619__ Tumor 10 54180 168180 631 515 2
__1620__ Tumor 10 54180 169972 631 515 2
__1621__ Tumor 10 58692 159220 631 515 2
__1622__ Tumor 10 60948 157428 631 515 2
__1623__ Tumor 10 63204 157428 631 515 2
__1624__ Tumor 10 60948 159220 631 515 2
__1625__ Tumor 10 63204 159220 631 515 2
__1626__ Tumor 10 63204 161012 631 515 2
__1627__ Tumor 10 63204 162804 631 515 2
__1628__ Tumor 10 65460 157428 631 515 2
__1629__ Tumor 10 67716 157428 631 515 2
__1630__ Tumor 10 65460 159220 631 515 2
__1631__ Tumor 10 67716 159220 631 515 2
__1632__ Tumor 10 69972 157428 631 515 2
__1633__ Tumor 10 65460 161012 631 515 2
__1634__ Tumor 10 67716 161012 631 515 2
__1635__ Tumor 10 65460 162804 631 515 2
__1636__ Tumor 10 67716 162804 631 515 2
__1637__ Tumor 10 69972 161012 631 515 2
__1638__ Tumor 10 69972 162804 631 515 2
__1639__ Tumor 10 72228 162804 631 515 2
__1640__ Tumor 10 56436 164596 631 515 2
__1641__ Tumor 10 56436 166388 631 515 2
__1642__ Tumor 10 58692 166388 631 515 2
__1643__ Tumor 10 60948 164596 631 515 2
__1644__ Tumor 10 63204 164596 631 515 2
__1645__ Tumor 10 60948 166388 631 515 2
__1646__ Tumor 10 63204 166388 631 515 2
__1647__ Tumor 10 56436 168180 631 515 2
__1648__ Tumor 10 58692 168180 631 515 2
__1649__ Tumor 10 56436 169972 631 515 2
__1650__ Tumor 10 60948 168180 631 515 2
__1651__ Tumor 10 63204 168180 631 515 2
__1652__ Tumor 10 65460 164596 631 515 2
__1653__ Tumor 10 67716 164596 631 515 2
__1654__ Tumor 10 65460 166388 631 515 2
__1655__ Tumor 10 67716 166388 631 515 2
__1656__ Tumor 10 69972 164596 631 515 2
__1657__ Tumor 10 65460 168180 631 515 2
__1658__ Tumor 10 36324 162148 1095 791 2
__1659__ Tumor 10 32356 164900 1095 791 2
__1660__ Tumor 10 36324 164900 1095 791 2
__1661__ Tumor 10 40292 162148 1095 791 2
__1662__ Tumor 10 40292 164900 1095 791 2
__1663__ Tumor 10 44260 164900 1095 791 2
__1664__ Tumor 10 32356 167652 1095 791 2
__1665__ Tumor 10 36324 167652 1095 791 2
__1666__ Tumor 10 40292 167652 1095 791 2
__1667__ Tumor 10 44260 167652 1095 791 2
__1668__ Tumor 10 40292 170404 1095 791 2
__1669__ Tumor 11 0 0 810 1130 2
__1670__ Tumor 11 36940 103564 1213 653 2
__1671__ Tumor 11 45964 101292 1213 653 2
__1672__ Tumor 11 41452 103564 1213 653 2
__1673__ Tumor 11 45964 103564 1213 653 2
__1674__ Tumor 11 32428 105836 1213 653 2
__1675__ Tumor 11 36940 105836 1213 653 2
__1676__ Tumor 11 32428 108108 1213 653 2
__1677__ Tumor 11 36940 108108 1213 653 2
__1678__ Tumor 11 41452 105836 1213 653 2
__1679__ Tumor 11 45964 105836 1213 653 2
__1680__ Tumor 11 41452 108108 1213 653 2
__1681__ Tumor 11 45964 108108 1213 653 2
__1682__ Tumor 11 50476 103564 1213 653 2
__1683__ Tumor 11 50476 105836 1213 653 2
__1684__ Tumor 11 54988 105836 1213 653 2
__1685__ Tumor 11 50476 108108 1213 653 2
__1686__ Tumor 11 54988 108108 1213 653 2
__1687__ Tumor 11 32428 110380 1213 653 2
__1688__ Tumor 11 36940 110380 1213 653 2
__1689__ Tumor 11 32428 112652 1213 653 2
__1690__ Tumor 11 36940 112652 1213 653 2
__1691__ Tumor 11 36940 114924 1213 653 2
__1692__ Tumor 11 36940 117196 1213 653 2
__1693__ Tumor 11 50476 110380 1213 653 2
__1694__ Tumor 11 54988 110380 1213 653 2
__1695__ Tumor 11 50476 112652 1213 653 2
__1696__ Tumor 11 54988 112652 1213 653 2
__1697__ Tumor 11 59500 110380 1213 653 2
__1698__ Tumor 11 59500 112652 1213 653 2
__1699__ Tumor 11 50476 114924 1213 653 2
__1700__ Tumor 11 54988 114924 1213 653 2
__1701__ Tumor 11 59500 114924 1213 653 2
__1702__ Tumor 11 64012 114924 1213 653 2
__1703__ Tumor 11 59500 117196 1213 653 2
__1704__ Tumor 11 73648 105200 1012 1124 2
__1705__ Tumor 11 70128 109168 1012 1124 2
__1706__ Tumor 11 73648 109168 1012 1124 2
__1707__ Tumor 11 77168 109168 1012 1124 2
__1708__ Tumor 11 73648 113136 1012 1124 2
__1709__ Tumor 11 73648 117104 1012 1124 2
__1710__ Tumor 11 77168 113136 1012 1124 2
__1711__ Tumor 11 80688 113136 1012 1124 2
__1712__ Tumor 11 77168 117104 1012 1124 2
__1713__ Tumor 11 80688 117104 1012 1124 2
__1714__ Tumor 11 81420 122892 957 957 2
__1715__ Tumor 11 56036 145764 823 727 2
__1716__ Tumor 11 61860 143236 823 727 2
__1717__ Tumor 11 58948 145764 823 727 2
__1718__ Tumor 11 61860 145764 823 727 2
__1719__ Tumor 11 53124 148292 823 727 2
__1720__ Tumor 11 56036 148292 823 727 2
__1721__ Tumor 11 56036 150820 823 727 2
__1722__ Tumor 11 58948 148292 823 727 2
__1723__ Tumor 11 61860 148292 823 727 2
__1724__ Tumor 11 58948 150820 823 727 2
__1725__ Tumor 11 61860 150820 823 727 2
__1726__ Tumor 11 64772 143236 823 727 2
__1727__ Tumor 11 67684 143236 823 727 2
__1728__ Tumor 11 64772 145764 823 727 2
__1729__ Tumor 11 67684 145764 823 727 2
__1730__ Tumor 11 70596 145764 823 727 2
__1731__ Tumor 11 64772 148292 823 727 2
__1732__ Tumor 11 67684 148292 823 727 2
__1733__ Tumor 11 64772 150820 823 727 2
__1734__ Tumor 11 67684 150820 823 727 2
__1735__ Tumor 11 70596 148292 823 727 2
__1736__ Tumor 11 73508 148292 823 727 2
__1737__ Tumor 11 70596 150820 823 727 2
__1738__ Tumor 11 73508 150820 823 727 2
__1739__ Tumor 11 58948 153348 823 727 2
__1740__ Tumor 11 61860 153348 823 727 2
__1741__ Tumor 11 58948 155876 823 727 2
__1742__ Tumor 11 61860 155876 823 727 2
__1743__ Tumor 11 61860 158404 823 727 2
__1744__ Tumor 11 61860 160932 823 727 2
__1745__ Tumor 11 64772 153348 823 727 2
__1746__ Tumor 11 67684 153348 823 727 2
__1747__ Tumor 11 64772 155876 823 727 2
__1748__ Tumor 11 67684 155876 823 727 2
__1749__ Tumor 11 70596 153348 823 727 2
__1750__ Tumor 11 73508 153348 823 727 2
__1751__ Tumor 11 70596 155876 823 727 2
__1752__ Tumor 11 64772 158404 823 727 2
__1753__ Tumor 11 67684 158404 823 727 2
__1754__ Tumor 11 64772 160932 823 727 2
__1755__ Tumor 11 70596 158404 823 727 2
__1756__ Tumor 12 42440 54728 1102 846 2
__1757__ Tumor 12 46408 54728 1102 846 2
__1758__ Tumor 12 50376 54728 1102 846 2
__1759__ Tumor 12 42440 57672 1102 846 2
__1760__ Tumor 12 38472 60616 1102 846 2
__1761__ Tumor 12 58312 51784 1102 846 2
__1762__ Tumor 12 54344 54728 1102 846 2
__1763__ Tumor 12 58312 54728 1102 846 2
__1764__ Tumor 12 62280 54728 1102 846 2
__1765__ Tumor 12 58312 57672 1102 846 2
__1766__ Tumor 12 58312 60616 1102 846 2
__1767__ Tumor 12 62280 57672 1102 846 2
__1768__ Tumor 12 66248 57672 1102 846 2
__1769__ Tumor 12 62280 60616 1102 846 2
__1770__ Tumor 12 66248 60616 1102 846 2
__1771__ Tumor 12 38472 63560 1102 846 2
__1772__ Tumor 12 42440 63560 1102 846 2
__1773__ Tumor 12 38472 66504 1102 846 2
__1774__ Tumor 12 42440 66504 1102 846 2
__1775__ Tumor 12 42440 69448 1102 846 2
__1776__ Tumor 12 42440 72392 1102 846 2
__1777__ Tumor 12 46408 69448 1102 846 2
__1778__ Tumor 12 50376 69448 1102 846 2
__1779__ Tumor 12 46408 72392 1102 846 2
__1780__ Tumor 12 50376 72392 1102 846 2
__1781__ Tumor 12 58312 63560 1102 846 2
__1782__ Tumor 12 58312 66504 1102 846 2
__1783__ Tumor 12 62280 63560 1102 846 2
__1784__ Tumor 12 62280 66504 1102 846 2
__1785__ Tumor 12 54344 69448 1102 846 2
__1786__ Tumor 12 58312 69448 1102 846 2
__1787__ Tumor 12 48448 90784 656 488 2
__1788__ Tumor 12 50816 89088 656 488 2
__1789__ Tumor 12 53184 89088 656 488 2
__1790__ Tumor 12 50816 90784 656 488 2
__1791__ Tumor 12 53184 90784 656 488 2
__1792__ Tumor 12 48448 92480 656 488 2
__1793__ Tumor 12 46080 94176 656 488 2
__1794__ Tumor 12 48448 94176 656 488 2
__1795__ Tumor 12 50816 92480 656 488 2
__1796__ Tumor 12 53184 92480 656 488 2
__1797__ Tumor 12 50816 94176 656 488 2
__1798__ Tumor 12 53184 94176 656 488 2
__1799__ Tumor 12 55552 90784 656 488 2
__1800__ Tumor 12 57920 90784 656 488 2
__1801__ Tumor 12 55552 92480 656 488 2
__1802__ Tumor 12 57920 92480 656 488 2
__1803__ Tumor 12 55552 94176 656 488 2
__1804__ Tumor 12 57920 94176 656 488 2
__1805__ Tumor 12 60288 92480 656 488 2
__1806__ Tumor 12 60288 94176 656 488 2
__1807__ Tumor 12 48448 95872 656 488 2
__1808__ Tumor 12 50816 95872 656 488 2
__1809__ Tumor 12 53184 95872 656 488 2
__1810__ Tumor 12 55552 95872 656 488 2
__1811__ Tumor 12 57920 95872 656 488 2
__1812__ Tumor 12 55552 97568 656 488 2
__1813__ Tumor 12 57920 97568 656 488 2
__1814__ Tumor 12 60288 95872 656 488 2
__1815__ Tumor 12 62656 95872 656 488 2
__1816__ Tumor 12 60288 97568 656 488 2
__1817__ Tumor 12 62656 97568 656 488 2
__1818__ Tumor 12 55552 99264 656 488 2
__1819__ Tumor 12 57920 99264 656 488 2
__1820__ Tumor 12 57920 100960 656 488 2
__1821__ Tumor 12 60288 99264 656 488 2
__1822__ Tumor 12 55756 102860 589 589 2
__1823__ Tumor 12 42624 113120 1088 856 2
__1824__ Tumor 12 46528 113120 1088 856 2
__1825__ Tumor 12 50432 113120 1088 856 2
__1826__ Tumor 12 38720 116096 1088 856 2
__1827__ Tumor 12 42624 116096 1088 856 2
__1828__ Tumor 12 38720 119072 1088 856 2
__1829__ Tumor 12 42624 119072 1088 856 2
__1830__ Tumor 12 46528 116096 1088 856 2
__1831__ Tumor 12 50432 116096 1088 856 2
__1832__ Tumor 12 46528 119072 1088 856 2
__1833__ Tumor 12 50432 119072 1088 856 2
__1834__ Tumor 12 54336 110144 1088 856 2
__1835__ Tumor 12 58240 110144 1088 856 2
__1836__ Tumor 12 54336 113120 1088 856 2
__1837__ Tumor 12 58240 113120 1088 856 2
__1838__ Tumor 12 62144 113120 1088 856 2
__1839__ Tumor 12 54336 116096 1088 856 2
__1840__ Tumor 12 58240 116096 1088 856 2
__1841__ Tumor 12 54336 119072 1088 856 2
__1842__ Tumor 12 58240 119072 1088 856 2
__1843__ Tumor 12 62144 116096 1088 856 2
__1844__ Tumor 12 66048 116096 1088 856 2
__1845__ Tumor 12 62144 119072 1088 856 2
__1846__ Tumor 12 66048 119072 1088 856 2
__1847__ Tumor 12 38720 122048 1088 856 2
__1848__ Tumor 12 42624 122048 1088 856 2
__1849__ Tumor 12 38720 125024 1088 856 2
__1850__ Tumor 12 42624 125024 1088 856 2
__1851__ Tumor 12 46528 122048 1088 856 2
__1852__ Tumor 12 50432 122048 1088 856 2
__1853__ Tumor 12 46528 125024 1088 856 2
__1854__ Tumor 12 50432 125024 1088 856 2
__1855__ Tumor 12 38720 128000 1088 856 2
__1856__ Tumor 12 42624 128000 1088 856 2
__1857__ Tumor 12 42624 130976 1088 856 2
__1858__ Tumor 12 46528 128000 1088 856 2
__1859__ Tumor 12 50432 128000 1088 856 2
__1860__ Tumor 12 46528 130976 1088 856 2
__1861__ Tumor 12 50432 130976 1088 856 2
__1862__ Tumor 12 54336 122048 1088 856 2
__1863__ Tumor 12 58240 122048 1088 856 2
__1864__ Tumor 12 54336 125024 1088 856 2
__1865__ Tumor 12 58240 125024 1088 856 2
__1866__ Tumor 12 62144 122048 1088 856 2
__1867__ Tumor 12 66048 122048 1088 856 2
__1868__ Tumor 12 62144 125024 1088 856 2
__1869__ Tumor 12 66048 125024 1088 856 2
__1870__ Tumor 12 54336 128000 1088 856 2
__1871__ Tumor 12 58240 128000 1088 856 2
__1872__ Tumor 12 62144 128000 1088 856 2
