__0__ Test 121 5736 0 614 294 2
__1__ Test 121 0 64 368 688 2
__2__ Test 121 41828 109924 727 983 2
__3__ Test 121 44356 106372 727 983 2
__4__ Test 121 46884 106372 727 983 2
__5__ Test 121 44356 109924 727 983 2
__6__ Test 121 46884 109924 727 983 2
__7__ Test 121 41828 113476 727 983 2
__8__ Test 121 39300 117028 727 983 2
__9__ Test 121 41828 117028 727 983 2
__10__ Test 121 44356 113476 727 983 2
__11__ Test 121 46884 113476 727 983 2
__12__ Test 121 44356 117028 727 983 2
__13__ Test 121 46884 117028 727 983 2
__14__ Test 121 49412 106372 727 983 2
__15__ Test 121 49412 109924 727 983 2
__16__ Test 121 51940 109924 727 983 2
__17__ Test 121 49412 113476 727 983 2
__18__ Test 121 51940 113476 727 983 2
__19__ Test 121 49412 117028 727 983 2
__20__ Test 121 39300 120580 727 983 2
__21__ Test 121 41828 120580 727 983 2
__22__ Test 121 39300 124132 727 983 2
__23__ Test 121 41828 124132 727 983 2
__24__ Test 121 44356 120580 727 983 2
__25__ Test 121 46884 120580 727 983 2
__26__ Test 121 44356 124132 727 983 2
__27__ Test 121 46884 124132 727 983 2
__28__ Test 121 41828 127684 727 983 2
__29__ Test 121 44356 127684 727 983 2
__30__ Test 121 46884 127684 727 983 2
__31__ Test 121 46884 131236 727 983 2
__32__ Test 121 49412 120580 727 983 2
__33__ Test 121 51940 120580 727 983 2
__34__ Test 121 49412 124132 727 983 2
__35__ Test 121 51940 124132 727 983 2
__36__ Test 121 54468 124132 727 983 2
__37__ Test 121 49412 127684 727 983 2
__38__ Test 121 51940 127684 727 983 2
__39__ Test 121 49412 131236 727 983 2
__40__ Test 121 51940 131236 727 983 2
__41__ Test 121 54468 127684 727 983 2
__42__ Test 121 56996 127684 727 983 2
__43__ Test 121 54468 131236 727 983 2
__44__ Test 121 44336 151888 764 1116 2
__45__ Test 121 46992 151888 764 1116 2
__46__ Test 121 41680 160016 764 1116 2
__47__ Test 121 44336 155952 764 1116 2
__48__ Test 121 46992 155952 764 1116 2
__49__ Test 121 44336 160016 764 1116 2
__50__ Test 121 46992 160016 764 1116 2
__51__ Test 121 49648 147824 764 1116 2
__52__ Test 121 52304 147824 764 1116 2
__53__ Test 121 49648 151888 764 1116 2
__54__ Test 121 52304 151888 764 1116 2
__55__ Test 121 54960 147824 764 1116 2
__56__ Test 121 54960 151888 764 1116 2
__57__ Test 121 57616 151888 764 1116 2
__58__ Test 121 49648 155952 764 1116 2
__59__ Test 121 52304 155952 764 1116 2
__60__ Test 121 49648 160016 764 1116 2
__61__ Test 121 52304 160016 764 1116 2
__62__ Test 121 54960 155952 764 1116 2
__63__ Test 121 57616 155952 764 1116 2
__64__ Test 121 54960 160016 764 1116 2
__65__ Test 121 41680 164080 764 1116 2
__66__ Test 121 41680 168144 764 1116 2
__67__ Test 121 44336 164080 764 1116 2
__68__ Test 121 46992 164080 764 1116 2
__69__ Test 121 44336 168144 764 1116 2
__70__ Test 121 46992 168144 764 1116 2
__71__ Test 121 46992 172208 764 1116 2
__72__ Test 121 49648 164080 764 1116 2
__73__ Test 121 52304 164080 764 1116 2
__74__ Test 121 49648 168144 764 1116 2
__75__ Test 121 52304 168144 764 1116 2
__76__ Test 121 54960 164080 764 1116 2
__77__ Test 121 49648 172208 764 1116 2
__78__ Test 121 52304 172208 764 1116 2
__79__ Test 121 49648 176272 764 1116 2
__80__ Test 121 52304 176272 764 1116 2
__81__ Test 121 65740 152844 1133 957 2
__82__ Test 121 61708 156172 1133 957 2
__83__ Test 121 65740 156172 1133 957 2
__84__ Test 121 69772 156172 1133 957 2
__85__ Test 121 61708 159500 1133 957 2
__86__ Test 121 65740 159500 1133 957 2
__87__ Test 121 65740 162828 1133 957 2
__88__ Test 121 69772 159500 1133 957 2
__89__ Test 121 73804 159500 1133 957 2
__90__ Test 121 69772 162828 1133 957 2
__91__ Test 121 73804 162828 1133 957 2
__92__ Test 121 38092 214732 589 589 2
__93__ Test 122 47864 0 290 258 2
__94__ Test 122 30300 7500 1057 757 2
__95__ Test 122 34132 2236 1057 757 2
__96__ Test 122 37964 2236 1057 757 2
__97__ Test 122 41796 0 1057 757 2
__98__ Test 122 45628 0 1057 757 2
__99__ Test 122 41796 2236 1057 757 2
__100__ Test 122 45628 2236 1057 757 2
__101__ Test 122 34132 4868 1057 757 2
__102__ Test 122 37964 4868 1057 757 2
__103__ Test 122 34132 7500 1057 757 2
__104__ Test 122 37964 7500 1057 757 2
__105__ Test 122 41796 4868 1057 757 2
__106__ Test 122 45628 4868 1057 757 2
__107__ Test 122 41796 7500 1057 757 2
__108__ Test 122 45628 7500 1057 757 2
__109__ Test 122 30300 10132 1057 757 2
__110__ Test 122 30300 12764 1057 757 2
__111__ Test 122 26468 15396 1057 757 2
__112__ Test 122 30300 15396 1057 757 2
__113__ Test 122 26468 18028 1057 757 2
__114__ Test 122 30300 18028 1057 757 2
__115__ Test 122 34132 10132 1057 757 2
__116__ Test 122 37964 10132 1057 757 2
__117__ Test 122 34132 12764 1057 757 2
__118__ Test 122 37964 12764 1057 757 2
__119__ Test 122 41796 10132 1057 757 2
__120__ Test 122 45628 10132 1057 757 2
__121__ Test 122 41796 12764 1057 757 2
__122__ Test 122 45628 12764 1057 757 2
__123__ Test 122 34132 15396 1057 757 2
__124__ Test 122 37964 15396 1057 757 2
__125__ Test 122 34132 18028 1057 757 2
__126__ Test 122 37964 18028 1057 757 2
__127__ Test 122 41796 15396 1057 757 2
__128__ Test 122 45628 15396 1057 757 2
__129__ Test 122 41796 18028 1057 757 2
__130__ Test 122 45628 18028 1057 757 2
__131__ Test 122 49460 0 1057 757 2
__132__ Test 122 53292 0 1057 757 2
__133__ Test 122 49460 2236 1057 757 2
__134__ Test 122 53292 2236 1057 757 2
__135__ Test 122 57124 0 1057 757 2
__136__ Test 122 57124 2236 1057 757 2
__137__ Test 122 60956 2236 1057 757 2
__138__ Test 122 49460 4868 1057 757 2
__139__ Test 122 53292 4868 1057 757 2
__140__ Test 122 49460 7500 1057 757 2
__141__ Test 122 53292 7500 1057 757 2
__142__ Test 122 57124 4868 1057 757 2
__143__ Test 122 60956 4868 1057 757 2
__144__ Test 122 57124 7500 1057 757 2
__145__ Test 122 60956 7500 1057 757 2
__146__ Test 122 64788 2236 1057 757 2
__147__ Test 122 68620 2236 1057 757 2
__148__ Test 122 64788 4868 1057 757 2
__149__ Test 122 68620 4868 1057 757 2
__150__ Test 122 64788 7500 1057 757 2
__151__ Test 122 68620 7500 1057 757 2
__152__ Test 122 72452 4868 1057 757 2
__153__ Test 122 72452 7500 1057 757 2
__154__ Test 122 49460 10132 1057 757 2
__155__ Test 122 53292 10132 1057 757 2
__156__ Test 122 49460 12764 1057 757 2
__157__ Test 122 53292 12764 1057 757 2
__158__ Test 122 57124 10132 1057 757 2
__159__ Test 122 60956 10132 1057 757 2
__160__ Test 122 57124 12764 1057 757 2
__161__ Test 122 60956 12764 1057 757 2
__162__ Test 122 49460 15396 1057 757 2
__163__ Test 122 53292 15396 1057 757 2
__164__ Test 122 49460 18028 1057 757 2
__165__ Test 122 53292 18028 1057 757 2
__166__ Test 122 57124 15396 1057 757 2
__167__ Test 122 60956 15396 1057 757 2
__168__ Test 122 57124 18028 1057 757 2
__169__ Test 122 60956 18028 1057 757 2
__170__ Test 122 64788 10132 1057 757 2
__171__ Test 122 68620 10132 1057 757 2
__172__ Test 122 64788 12764 1057 757 2
__173__ Test 122 68620 12764 1057 757 2
__174__ Test 122 72452 10132 1057 757 2
__175__ Test 122 76284 10132 1057 757 2
__176__ Test 122 72452 12764 1057 757 2
__177__ Test 122 76284 12764 1057 757 2
__178__ Test 122 64788 15396 1057 757 2
__179__ Test 122 68620 15396 1057 757 2
__180__ Test 122 64788 18028 1057 757 2
__181__ Test 122 68620 18028 1057 757 2
__182__ Test 122 72452 15396 1057 757 2
__183__ Test 122 76284 15396 1057 757 2
__184__ Test 122 72452 18028 1057 757 2
__185__ Test 122 76284 18028 1057 757 2
__186__ Test 122 22636 20660 1057 757 2
__187__ Test 122 18804 23292 1057 757 2
__188__ Test 122 22636 23292 1057 757 2
__189__ Test 122 26468 20660 1057 757 2
__190__ Test 122 30300 20660 1057 757 2
__191__ Test 122 26468 23292 1057 757 2
__192__ Test 122 30300 23292 1057 757 2
__193__ Test 122 18804 25924 1057 757 2
__194__ Test 122 22636 25924 1057 757 2
__195__ Test 122 18804 28556 1057 757 2
__196__ Test 122 22636 28556 1057 757 2
__197__ Test 122 26468 25924 1057 757 2
__198__ Test 122 30300 25924 1057 757 2
__199__ Test 122 26468 28556 1057 757 2
__200__ Test 122 30300 28556 1057 757 2
__201__ Test 122 34132 20660 1057 757 2
__202__ Test 122 37964 20660 1057 757 2
__203__ Test 122 34132 23292 1057 757 2
__204__ Test 122 37964 23292 1057 757 2
__205__ Test 122 41796 20660 1057 757 2
__206__ Test 122 45628 20660 1057 757 2
__207__ Test 122 41796 23292 1057 757 2
__208__ Test 122 45628 23292 1057 757 2
__209__ Test 122 34132 25924 1057 757 2
__210__ Test 122 37964 25924 1057 757 2
__211__ Test 122 34132 28556 1057 757 2
__212__ Test 122 37964 28556 1057 757 2
__213__ Test 122 41796 25924 1057 757 2
__214__ Test 122 45628 25924 1057 757 2
__215__ Test 122 41796 28556 1057 757 2
__216__ Test 122 45628 28556 1057 757 2
__217__ Test 122 18804 31188 1057 757 2
__218__ Test 122 22636 31188 1057 757 2
__219__ Test 122 18804 33820 1057 757 2
__220__ Test 122 22636 33820 1057 757 2
__221__ Test 122 26468 31188 1057 757 2
__222__ Test 122 30300 31188 1057 757 2
__223__ Test 122 26468 33820 1057 757 2
__224__ Test 122 30300 33820 1057 757 2
__225__ Test 122 18804 36452 1057 757 2
__226__ Test 122 22636 36452 1057 757 2
__227__ Test 122 18804 39084 1057 757 2
__228__ Test 122 22636 39084 1057 757 2
__229__ Test 122 26468 36452 1057 757 2
__230__ Test 122 30300 36452 1057 757 2
__231__ Test 122 26468 39084 1057 757 2
__232__ Test 122 34132 31188 1057 757 2
__233__ Test 122 37964 31188 1057 757 2
__234__ Test 122 34132 33820 1057 757 2
__235__ Test 122 37964 33820 1057 757 2
__236__ Test 122 41796 31188 1057 757 2
__237__ Test 122 45628 31188 1057 757 2
__238__ Test 122 41796 33820 1057 757 2
__239__ Test 122 34132 36452 1057 757 2
__240__ Test 122 49460 20660 1057 757 2
__241__ Test 122 53292 20660 1057 757 2
__242__ Test 122 49460 23292 1057 757 2
__243__ Test 122 53292 23292 1057 757 2
__244__ Test 122 57124 20660 1057 757 2
__245__ Test 122 60956 20660 1057 757 2
__246__ Test 122 57124 23292 1057 757 2
__247__ Test 122 60956 23292 1057 757 2
__248__ Test 122 49460 25924 1057 757 2
__249__ Test 122 53292 25924 1057 757 2
__250__ Test 122 49460 28556 1057 757 2
__251__ Test 122 53292 28556 1057 757 2
__252__ Test 122 57124 25924 1057 757 2
__253__ Test 122 60956 25924 1057 757 2
__254__ Test 122 57124 28556 1057 757 2
__255__ Test 122 60956 28556 1057 757 2
__256__ Test 122 64788 20660 1057 757 2
__257__ Test 122 68620 20660 1057 757 2
__258__ Test 122 64788 23292 1057 757 2
__259__ Test 122 68620 23292 1057 757 2
__260__ Test 122 72452 20660 1057 757 2
__261__ Test 122 76284 20660 1057 757 2
__262__ Test 122 72452 23292 1057 757 2
__263__ Test 122 76284 23292 1057 757 2
__264__ Test 122 64788 25924 1057 757 2
__265__ Test 122 68620 25924 1057 757 2
__266__ Test 122 64788 28556 1057 757 2
__267__ Test 122 68620 28556 1057 757 2
__268__ Test 122 72452 25924 1057 757 2
__269__ Test 122 49460 31188 1057 757 2
__270__ Test 122 54868 852 363 331 2
__271__ Test 122 32104 7528 294 294 2
__272__ Test 122 51668 29652 331 331 2
__273__ Test 122 32264 37384 638 478 2
__274__ Test 122 23192 40472 826 442 2
__275__ Test 122 21716 41556 331 331 2
__276__ Test 122 61488 46768 644 996 2
__277__ Test 122 63728 46768 644 996 2
__278__ Test 122 61488 50416 644 996 2
__279__ Test 122 63728 50416 644 996 2
__280__ Test 122 52664 57944 626 854 2
__281__ Test 122 54840 57944 626 854 2
__282__ Test 122 52664 61032 626 854 2
__283__ Test 122 54840 61032 626 854 2
__284__ Test 122 57016 51768 626 854 2
__285__ Test 122 59192 51768 626 854 2
__286__ Test 122 57016 54856 626 854 2
__287__ Test 122 59192 54856 626 854 2
__288__ Test 122 61368 51768 626 854 2
__289__ Test 122 63544 51768 626 854 2
__290__ Test 122 61368 54856 626 854 2
__291__ Test 122 63544 54856 626 854 2
__292__ Test 122 57016 57944 626 854 2
__293__ Test 122 59192 57944 626 854 2
__294__ Test 122 57016 61032 626 854 2
__295__ Test 122 59192 61032 626 854 2
__296__ Test 122 61368 57944 626 854 2
__297__ Test 122 63544 57944 626 854 2
__298__ Test 122 61368 61032 626 854 2
__299__ Test 122 63544 61032 626 854 2
__300__ Test 122 50488 64120 626 854 2
__301__ Test 122 48312 67208 626 854 2
__302__ Test 122 50488 67208 626 854 2
__303__ Test 122 52664 64120 626 854 2
__304__ Test 122 54840 64120 626 854 2
__305__ Test 122 52664 67208 626 854 2
__306__ Test 122 54840 67208 626 854 2
__307__ Test 122 48312 70296 626 854 2
__308__ Test 122 50488 70296 626 854 2
__309__ Test 122 48312 73384 626 854 2
__310__ Test 122 50488 73384 626 854 2
__311__ Test 122 52664 70296 626 854 2
__312__ Test 122 54840 70296 626 854 2
__313__ Test 122 52664 73384 626 854 2
__314__ Test 122 54840 73384 626 854 2
__315__ Test 122 57016 64120 626 854 2
__316__ Test 122 59192 64120 626 854 2
__317__ Test 122 57016 67208 626 854 2
__318__ Test 122 59192 67208 626 854 2
__319__ Test 122 61368 64120 626 854 2
__320__ Test 122 63544 64120 626 854 2
__321__ Test 122 61368 67208 626 854 2
__322__ Test 122 63544 67208 626 854 2
__323__ Test 122 57016 70296 626 854 2
__324__ Test 122 59192 70296 626 854 2
__325__ Test 122 57016 73384 626 854 2
__326__ Test 122 59192 73384 626 854 2
__327__ Test 122 61368 70296 626 854 2
__328__ Test 122 63544 70296 626 854 2
__329__ Test 122 36076 52204 773 1029 2
__330__ Test 122 76056 55960 474 442 2
__331__ Test 122 18136 61784 890 810 2
__332__ Test 122 21272 61784 890 810 2
__333__ Test 122 18136 64600 890 810 2
__334__ Test 122 21272 64600 890 810 2
__335__ Test 122 10200 64856 1450 810 2
__336__ Test 122 64392 66056 638 478 2
__337__ Test 122 63752 67848 478 606 2
__338__ Test 122 61120 69568 496 368 2
__339__ Test 123 15960 64088 874 810 2
__340__ Test 123 25408 65728 680 616 2
__341__ Test 123 27808 67872 680 616 2
__342__ Test 123 30208 67872 680 616 2
__343__ Test 123 27808 70016 680 616 2
__344__ Test 123 30208 70016 680 616 2
__345__ Test 123 30208 72160 680 616 2
__346__ Test 123 15808 76448 680 616 2
__347__ Test 123 18208 76448 680 616 2
__348__ Test 123 18208 78592 680 616 2
__349__ Test 123 23008 78592 680 616 2
__350__ Test 123 25408 76448 680 616 2
__351__ Test 123 27808 76448 680 616 2
__352__ Test 123 30208 74304 680 616 2
__353__ Test 123 32608 74304 680 616 2
__354__ Test 123 30208 76448 680 616 2
__355__ Test 123 32608 76448 680 616 2
__356__ Test 123 25408 78592 680 616 2
__357__ Test 123 27808 78592 680 616 2
__358__ Test 123 25408 80736 680 616 2
__359__ Test 123 27808 80736 680 616 2
__360__ Test 123 30208 78592 680 616 2
__361__ Test 123 32608 78592 680 616 2
__362__ Test 123 30208 80736 680 616 2
__363__ Test 123 28100 86340 815 543 2
__364__ Test 123 22148 88228 815 543 2
__365__ Test 123 22148 90116 815 543 2
__366__ Test 123 25124 88228 815 543 2
__367__ Test 123 28100 88228 815 543 2
__368__ Test 123 25124 90116 815 543 2
__369__ Test 123 28100 90116 815 543 2
__370__ Test 123 31076 86340 815 543 2
__371__ Test 123 34052 86340 815 543 2
__372__ Test 123 37028 86340 815 543 2
__373__ Test 123 31076 88228 815 543 2
__374__ Test 123 34052 88228 815 543 2
__375__ Test 123 31076 90116 815 543 2
__376__ Test 123 34052 90116 815 543 2
__377__ Test 123 37028 88228 815 543 2
__378__ Test 123 37028 90116 815 543 2
__379__ Test 123 22148 92004 815 543 2
__380__ Test 123 19172 93892 815 543 2
__381__ Test 123 22148 93892 815 543 2
__382__ Test 123 25124 92004 815 543 2
__383__ Test 123 19172 95780 815 543 2
__384__ Test 123 22148 95780 815 543 2
__385__ Test 123 22148 97668 815 543 2
__386__ Test 123 25124 95780 815 543 2
__387__ Test 123 37028 92004 815 543 2
__388__ Test 123 67316 105972 515 739 2
__389__ Test 123 69108 105972 515 739 2
__390__ Test 123 69108 108660 515 739 2
__391__ Test 124 63808 0 1264 368 2
__392__ Test 124 168 0 662 662 2
__393__ Test 124 54824 46568 1238 1030 2
__394__ Test 124 54824 50152 1238 1030 2
__395__ Test 124 59240 50152 1238 1030 2
__396__ Test 124 54824 53736 1238 1030 2
__397__ Test 124 59240 53736 1238 1030 2
__398__ Test 124 45256 102216 1166 846 2
__399__ Test 124 41032 105160 1166 846 2
__400__ Test 124 45256 105160 1166 846 2
__401__ Test 124 32584 108104 1166 846 2
__402__ Test 124 36808 108104 1166 846 2
__403__ Test 124 32584 111048 1166 846 2
__404__ Test 124 36808 111048 1166 846 2
__405__ Test 124 41032 108104 1166 846 2
__406__ Test 124 56704 104576 736 768 2
__407__ Test 124 59264 107264 736 768 2
__408__ Test 125 14968 7544 818 754 2
__409__ Test 125 17848 7544 818 754 2
__410__ Test 125 14968 10168 818 754 2
__411__ Test 125 17848 10168 818 754 2
__412__ Test 125 20728 7544 818 754 2
__413__ Test 125 20728 10168 818 754 2
__414__ Test 125 23608 10168 818 754 2
__415__ Test 125 14968 12792 818 754 2
__416__ Test 125 17848 12792 818 754 2
__417__ Test 125 14968 15416 818 754 2
__418__ Test 125 17848 15416 818 754 2
__419__ Test 125 20728 12792 818 754 2
__420__ Test 125 23608 12792 818 754 2
__421__ Test 125 20728 15416 818 754 2
__422__ Test 125 23608 15416 818 754 2
__423__ Test 125 24640 9920 368 368 2
__424__ Test 125 42832 12368 580 780 2
__425__ Test 125 44848 12368 580 780 2
__426__ Test 125 42832 15184 580 780 2
__427__ Test 125 44848 15184 580 780 2
__428__ Test 125 46864 12368 580 780 2
__429__ Test 125 46864 15184 580 780 2
__430__ Test 125 48880 15184 580 780 2
__431__ Test 125 42832 18000 580 780 2
__432__ Test 125 44848 18000 580 780 2
__433__ Test 125 42832 20816 580 780 2
__434__ Test 125 44848 20816 580 780 2
__435__ Test 125 46864 18000 580 780 2
__436__ Test 125 48880 18000 580 780 2
__437__ Test 125 46864 20816 580 780 2
__438__ Test 125 48880 20816 580 780 2
__439__ Test 125 41024 12736 432 368 2
__440__ Test 125 22800 13200 708 1012 2
__441__ Test 125 25264 13200 708 1012 2
__442__ Test 125 30192 20560 708 1012 2
__443__ Test 125 27728 24240 708 1012 2
__444__ Test 125 30192 24240 708 1012 2
__445__ Test 125 32656 13200 708 1012 2
__446__ Test 125 35120 13200 708 1012 2
__447__ Test 125 32656 16880 708 1012 2
__448__ Test 125 35120 16880 708 1012 2
__449__ Test 125 37584 13200 708 1012 2
__450__ Test 125 40048 13200 708 1012 2
__451__ Test 125 37584 16880 708 1012 2
__452__ Test 125 40048 16880 708 1012 2
__453__ Test 125 32656 20560 708 1012 2
__454__ Test 125 35120 20560 708 1012 2
__455__ Test 125 32656 24240 708 1012 2
__456__ Test 125 35120 24240 708 1012 2
__457__ Test 125 37584 20560 708 1012 2
__458__ Test 125 40048 20560 708 1012 2
__459__ Test 125 37584 24240 708 1012 2
__460__ Test 125 40048 24240 708 1012 2
__461__ Test 125 25264 27920 708 1012 2
__462__ Test 125 22800 31600 708 1012 2
__463__ Test 125 25264 31600 708 1012 2
__464__ Test 125 27728 27920 708 1012 2
__465__ Test 125 30192 27920 708 1012 2
__466__ Test 125 27728 31600 708 1012 2
__467__ Test 125 30192 31600 708 1012 2
__468__ Test 125 22800 35280 708 1012 2
__469__ Test 125 25264 35280 708 1012 2
__470__ Test 125 22800 38960 708 1012 2
__471__ Test 125 25264 38960 708 1012 2
__472__ Test 125 27728 35280 708 1012 2
__473__ Test 125 30192 35280 708 1012 2
__474__ Test 125 27728 38960 708 1012 2
__475__ Test 125 30192 38960 708 1012 2
__476__ Test 125 32656 27920 708 1012 2
__477__ Test 125 35120 27920 708 1012 2
__478__ Test 125 32656 31600 708 1012 2
__479__ Test 125 35120 31600 708 1012 2
__480__ Test 125 37584 27920 708 1012 2
__481__ Test 125 40048 27920 708 1012 2
__482__ Test 125 37584 31600 708 1012 2
__483__ Test 125 40048 31600 708 1012 2
__484__ Test 125 32656 35280 708 1012 2
__485__ Test 125 35120 35280 708 1012 2
__486__ Test 125 32656 38960 708 1012 2
__487__ Test 125 35120 38960 708 1012 2
__488__ Test 125 37584 35280 708 1012 2
__489__ Test 125 40048 35280 708 1012 2
__490__ Test 125 37584 38960 708 1012 2
__491__ Test 125 40048 38960 708 1012 2
__492__ Test 125 41556 16340 331 331 2
__493__ Test 125 45524 22228 331 395 2
__494__ Test 125 61696 22784 952 736 2
__495__ Test 125 65120 22784 952 736 2
__496__ Test 125 61696 25344 952 736 2
__497__ Test 125 65120 25344 952 736 2
__498__ Test 125 68544 22784 952 736 2
__499__ Test 125 71968 22784 952 736 2
__500__ Test 125 68544 25344 952 736 2
__501__ Test 125 71968 25344 952 736 2
__502__ Test 125 61696 27904 952 736 2
__503__ Test 125 65120 27904 952 736 2
__504__ Test 125 61696 30464 952 736 2
__505__ Test 125 65120 30464 952 736 2
__506__ Test 125 68544 27904 952 736 2
__507__ Test 125 71968 27904 952 736 2
__508__ Test 125 68544 30464 952 736 2
__509__ Test 125 71968 30464 952 736 2
__510__ Test 125 75392 22784 952 736 2
__511__ Test 125 78816 22784 952 736 2
__512__ Test 125 75392 25344 952 736 2
__513__ Test 125 78816 25344 952 736 2
__514__ Test 125 82240 22784 952 736 2
__515__ Test 125 82240 25344 952 736 2
__516__ Test 125 75392 27904 952 736 2
__517__ Test 125 78816 27904 952 736 2
__518__ Test 125 75392 30464 952 736 2
__519__ Test 125 78816 30464 952 736 2
__520__ Test 125 82240 27904 952 736 2
__521__ Test 125 85664 27904 952 736 2
__522__ Test 125 82240 30464 952 736 2
__523__ Test 125 85664 30464 952 736 2
__524__ Test 125 61696 33024 952 736 2
__525__ Test 125 65120 33024 952 736 2
__526__ Test 125 61696 35584 952 736 2
__527__ Test 125 65120 35584 952 736 2
__528__ Test 125 68544 33024 952 736 2
__529__ Test 125 71968 33024 952 736 2
__530__ Test 125 68544 35584 952 736 2
__531__ Test 125 71968 35584 952 736 2
__532__ Test 125 61696 38144 952 736 2
__533__ Test 125 65120 38144 952 736 2
__534__ Test 125 61696 40704 952 736 2
__535__ Test 125 65120 40704 952 736 2
__536__ Test 125 68544 38144 952 736 2
__537__ Test 125 71968 38144 952 736 2
__538__ Test 125 68544 40704 952 736 2
__539__ Test 125 71968 40704 952 736 2
__540__ Test 125 75392 33024 952 736 2
__541__ Test 125 78816 33024 952 736 2
__542__ Test 125 75392 35584 952 736 2
__543__ Test 125 78816 35584 952 736 2
__544__ Test 125 82240 33024 952 736 2
__545__ Test 125 85664 33024 952 736 2
__546__ Test 125 82240 35584 952 736 2
__547__ Test 125 85664 35584 952 736 2
__548__ Test 125 75392 38144 952 736 2
__549__ Test 125 78816 38144 952 736 2
__550__ Test 125 75392 40704 952 736 2
__551__ Test 125 78816 40704 952 736 2
__552__ Test 125 82240 38144 952 736 2
__553__ Test 125 85664 38144 952 736 2
__554__ Test 125 82240 40704 952 736 2
__555__ Test 125 30596 23812 727 871 2
__556__ Test 125 33124 23812 727 871 2
__557__ Test 125 30596 26916 727 871 2
__558__ Test 125 33124 26916 727 871 2
__559__ Test 125 35652 23812 727 871 2
__560__ Test 125 38180 23812 727 871 2
__561__ Test 125 35652 26916 727 871 2
__562__ Test 125 38180 26916 727 871 2
__563__ Test 125 30596 30020 727 871 2
__564__ Test 125 33124 30020 727 871 2
__565__ Test 125 30596 33124 727 871 2
__566__ Test 125 33124 33124 727 871 2
__567__ Test 125 35652 30020 727 871 2
__568__ Test 125 38180 30020 727 871 2
__569__ Test 125 35652 33124 727 871 2
__570__ Test 125 38180 33124 727 871 2
__571__ Test 125 40708 23812 727 871 2
__572__ Test 125 43236 23812 727 871 2
__573__ Test 125 40708 26916 727 871 2
__574__ Test 125 43236 26916 727 871 2
__575__ Test 125 45764 23812 727 871 2
__576__ Test 125 48292 23812 727 871 2
__577__ Test 125 45764 26916 727 871 2
__578__ Test 125 48292 26916 727 871 2
__579__ Test 125 40708 30020 727 871 2
__580__ Test 125 43236 30020 727 871 2
__581__ Test 125 40708 33124 727 871 2
__582__ Test 125 43236 33124 727 871 2
__583__ Test 125 45764 30020 727 871 2
__584__ Test 125 48292 30020 727 871 2
__585__ Test 125 45764 33124 727 871 2
__586__ Test 125 48292 33124 727 871 2
__587__ Test 125 30596 36228 727 871 2
__588__ Test 125 33124 36228 727 871 2
__589__ Test 125 30596 39332 727 871 2
__590__ Test 125 33124 39332 727 871 2
__591__ Test 125 35652 36228 727 871 2
__592__ Test 125 38180 36228 727 871 2
__593__ Test 125 35652 39332 727 871 2
__594__ Test 125 38180 39332 727 871 2
__595__ Test 125 30596 42436 727 871 2
__596__ Test 125 33124 42436 727 871 2
__597__ Test 125 30596 45540 727 871 2
__598__ Test 125 33124 45540 727 871 2
__599__ Test 125 35652 42436 727 871 2
__600__ Test 125 38180 42436 727 871 2
__601__ Test 125 35652 45540 727 871 2
__602__ Test 125 38180 45540 727 871 2
__603__ Test 125 40708 36228 727 871 2
__604__ Test 125 43236 36228 727 871 2
__605__ Test 125 40708 39332 727 871 2
__606__ Test 125 43236 39332 727 871 2
__607__ Test 125 45764 36228 727 871 2
__608__ Test 125 48292 36228 727 871 2
__609__ Test 125 45764 39332 727 871 2
__610__ Test 125 40708 42436 727 871 2
__611__ Test 125 78824 31976 294 294 2
__612__ Test 125 40364 33708 405 661 2
__613__ Test 125 79060 34004 363 331 2
__614__ Test 125 33384 35048 294 326 2
__615__ Test 125 76884 35156 331 331 2
__616__ Test 125 60876 37324 685 589 2
__617__ Test 125 69548 43052 405 501 2
__618__ Test 125 80044 42764 961 1129 2
__619__ Test 125 80044 46780 961 1129 2
__620__ Test 125 83388 46780 961 1129 2
__621__ Test 125 73356 50796 961 1129 2
__622__ Test 125 76700 50796 961 1129 2
__623__ Test 125 73356 54812 961 1129 2
__624__ Test 125 76700 54812 961 1129 2
__625__ Test 125 80044 50796 961 1129 2
__626__ Test 125 83388 50796 961 1129 2
__627__ Test 125 80044 54812 961 1129 2
__628__ Test 125 83388 54812 961 1129 2
__629__ Test 125 86732 42764 961 1129 2
__630__ Test 125 90076 42764 961 1129 2
__631__ Test 125 86732 46780 961 1129 2
__632__ Test 125 90076 46780 961 1129 2
__633__ Test 125 93420 42764 961 1129 2
__634__ Test 125 96764 42764 961 1129 2
__635__ Test 125 93420 46780 961 1129 2
__636__ Test 125 96764 46780 961 1129 2
__637__ Test 125 86732 50796 961 1129 2
__638__ Test 125 90076 50796 961 1129 2
__639__ Test 125 86732 54812 961 1129 2
__640__ Test 125 90076 54812 961 1129 2
__641__ Test 125 93420 50796 961 1129 2
__642__ Test 125 96764 50796 961 1129 2
__643__ Test 125 93420 54812 961 1129 2
__644__ Test 125 96764 54812 961 1129 2
__645__ Test 125 73356 58828 961 1129 2
__646__ Test 125 76700 58828 961 1129 2
__647__ Test 125 73356 62844 961 1129 2
__648__ Test 125 76700 62844 961 1129 2
__649__ Test 125 80044 58828 961 1129 2
__650__ Test 125 83388 58828 961 1129 2
__651__ Test 125 80044 62844 961 1129 2
__652__ Test 125 83388 62844 961 1129 2
__653__ Test 125 73356 66860 961 1129 2
__654__ Test 125 76700 66860 961 1129 2
__655__ Test 125 73356 70876 961 1129 2
__656__ Test 125 76700 70876 961 1129 2
__657__ Test 125 80044 66860 961 1129 2
__658__ Test 125 83388 66860 961 1129 2
__659__ Test 125 80044 70876 961 1129 2
__660__ Test 125 83388 70876 961 1129 2
__661__ Test 125 86732 58828 961 1129 2
__662__ Test 125 90076 58828 961 1129 2
__663__ Test 125 86732 62844 961 1129 2
__664__ Test 125 90076 62844 961 1129 2
__665__ Test 125 93420 58828 961 1129 2
__666__ Test 125 96764 58828 961 1129 2
__667__ Test 125 93420 62844 961 1129 2
__668__ Test 125 96764 62844 961 1129 2
__669__ Test 125 86732 66860 961 1129 2
__670__ Test 125 90076 66860 961 1129 2
__671__ Test 125 86732 70876 961 1129 2
__672__ Test 125 90076 70876 961 1129 2
__673__ Test 125 93420 66860 961 1129 2
__674__ Test 125 96764 66860 961 1129 2
__675__ Test 125 93420 70876 961 1129 2
__676__ Test 125 96764 70876 961 1129 2
__677__ Test 125 71380 43732 363 331 2
__678__ Test 125 70708 44596 883 1203 2
__679__ Test 125 8292 69060 1215 759 2
__680__ Test 125 17220 66420 1215 759 2
__681__ Test 125 17220 69060 1215 759 2
__682__ Test 125 3828 71700 1215 759 2
__683__ Test 125 8292 71700 1215 759 2
__684__ Test 125 3828 74340 1215 759 2
__685__ Test 125 8292 74340 1215 759 2
__686__ Test 125 12756 71700 1215 759 2
__687__ Test 125 12756 74340 1215 759 2
__688__ Test 125 17220 74340 1215 759 2
__689__ Test 125 21684 66420 1215 759 2
__690__ Test 125 26148 66420 1215 759 2
__691__ Test 125 21684 69060 1215 759 2
__692__ Test 125 26148 69060 1215 759 2
__693__ Test 125 30612 66420 1215 759 2
__694__ Test 125 35076 66420 1215 759 2
__695__ Test 125 30612 69060 1215 759 2
__696__ Test 125 35076 69060 1215 759 2
__697__ Test 125 21684 71700 1215 759 2
__698__ Test 125 26148 71700 1215 759 2
__699__ Test 125 21684 74340 1215 759 2
__700__ Test 125 26148 74340 1215 759 2
__701__ Test 125 30612 71700 1215 759 2
__702__ Test 125 35076 71700 1215 759 2
__703__ Test 125 30612 74340 1215 759 2
__704__ Test 125 35076 74340 1215 759 2
__705__ Test 125 3828 76980 1215 759 2
__706__ Test 125 8292 76980 1215 759 2
__707__ Test 125 3828 79620 1215 759 2
__708__ Test 125 8292 79620 1215 759 2
__709__ Test 125 12756 76980 1215 759 2
__710__ Test 125 17220 76980 1215 759 2
__711__ Test 125 12756 79620 1215 759 2
__712__ Test 125 17220 79620 1215 759 2
__713__ Test 125 3828 82260 1215 759 2
__714__ Test 125 8292 82260 1215 759 2
__715__ Test 125 3828 84900 1215 759 2
__716__ Test 125 8292 84900 1215 759 2
__717__ Test 125 12756 82260 1215 759 2
__718__ Test 125 17220 82260 1215 759 2
__719__ Test 125 12756 84900 1215 759 2
__720__ Test 125 17220 84900 1215 759 2
__721__ Test 125 21684 76980 1215 759 2
__722__ Test 125 26148 76980 1215 759 2
__723__ Test 125 21684 79620 1215 759 2
__724__ Test 125 26148 79620 1215 759 2
__725__ Test 125 30612 76980 1215 759 2
__726__ Test 125 35076 76980 1215 759 2
__727__ Test 125 30612 79620 1215 759 2
__728__ Test 125 35076 79620 1215 759 2
__729__ Test 125 21684 82260 1215 759 2
__730__ Test 125 26148 82260 1215 759 2
__731__ Test 125 21684 84900 1215 759 2
__732__ Test 125 26148 84900 1215 759 2
__733__ Test 125 30612 82260 1215 759 2
__734__ Test 125 35076 82260 1215 759 2
__735__ Test 125 30612 84900 1215 759 2
__736__ Test 125 76608 74304 400 368 2
__737__ Test 126 60884 69076 575 739 2
__738__ Test 126 62884 69076 575 739 2
__739__ Test 126 60884 71732 575 739 2
__740__ Test 126 62884 71732 575 739 2
__741__ Test 126 64884 69076 575 739 2
__742__ Test 126 66884 69076 575 739 2
__743__ Test 126 64884 71732 575 739 2
__744__ Test 126 66884 71732 575 739 2
__745__ Test 126 60884 74388 575 739 2
__746__ Test 126 62884 74388 575 739 2
__747__ Test 126 64884 74388 575 739 2
__748__ Test 126 66884 74388 575 739 2
__749__ Test 126 66884 77044 575 739 2
__750__ Test 126 68884 71732 575 739 2
__751__ Test 126 70884 71732 575 739 2
__752__ Test 126 68884 74388 575 739 2
__753__ Test 126 70884 74388 575 739 2
__754__ Test 126 68884 77044 575 739 2
__755__ Test 126 70884 77044 575 739 2
__756__ Test 126 72884 74388 575 739 2
__757__ Test 126 74884 74388 575 739 2
__758__ Test 126 72884 77044 575 739 2
__759__ Test 126 74884 77044 575 739 2
__760__ Test 126 70884 79700 575 739 2
__761__ Test 126 72884 79700 575 739 2
__762__ Test 126 74884 79700 575 739 2
__763__ Test 126 74884 82356 575 739 2
__764__ Test 126 74884 85012 575 739 2
__765__ Test 126 74884 87668 575 739 2
__766__ Test 126 76884 77044 575 739 2
__767__ Test 126 78884 77044 575 739 2
__768__ Test 126 80884 77044 575 739 2
__769__ Test 126 76884 79700 575 739 2
__770__ Test 126 78884 79700 575 739 2
__771__ Test 126 76884 82356 575 739 2
__772__ Test 126 78884 82356 575 739 2
__773__ Test 126 80884 79700 575 739 2
__774__ Test 126 82884 79700 575 739 2
__775__ Test 126 80884 82356 575 739 2
__776__ Test 126 82884 82356 575 739 2
__777__ Test 126 76884 85012 575 739 2
__778__ Test 126 78884 85012 575 739 2
__779__ Test 126 76884 87668 575 739 2
__780__ Test 126 78884 87668 575 739 2
__781__ Test 126 80884 85012 575 739 2
__782__ Test 126 82884 85012 575 739 2
__783__ Test 126 80884 87668 575 739 2
__784__ Test 126 82884 87668 575 739 2
__785__ Test 126 84884 79700 575 739 2
__786__ Test 126 84884 82356 575 739 2
__787__ Test 126 86884 82356 575 739 2
__788__ Test 126 84884 85012 575 739 2
__789__ Test 126 86884 85012 575 739 2
__790__ Test 126 84884 87668 575 739 2
__791__ Test 126 86884 87668 575 739 2
__792__ Test 126 88884 85012 575 739 2
__793__ Test 126 88884 87668 575 739 2
__794__ Test 126 74884 103604 575 739 2
__795__ Test 126 70884 106260 575 739 2
__796__ Test 126 72884 106260 575 739 2
__797__ Test 126 74884 106260 575 739 2
__798__ Test 126 74884 108916 575 739 2
__799__ Test 126 78884 90324 575 739 2
__800__ Test 126 80884 90324 575 739 2
__801__ Test 126 82884 90324 575 739 2
__802__ Test 126 80884 92980 575 739 2
__803__ Test 126 82884 92980 575 739 2
__804__ Test 126 82884 95636 575 739 2
__805__ Test 126 82884 98292 575 739 2
__806__ Test 126 84884 90324 575 739 2
__807__ Test 126 86884 90324 575 739 2
__808__ Test 126 84884 92980 575 739 2
__809__ Test 126 86884 92980 575 739 2
__810__ Test 126 88884 90324 575 739 2
__811__ Test 126 90884 90324 575 739 2
__812__ Test 126 88884 92980 575 739 2
__813__ Test 126 90884 92980 575 739 2
__814__ Test 126 84884 95636 575 739 2
__815__ Test 126 86884 95636 575 739 2
__816__ Test 126 84884 98292 575 739 2
__817__ Test 126 86884 98292 575 739 2
__818__ Test 126 88884 95636 575 739 2
__819__ Test 126 90884 95636 575 739 2
__820__ Test 126 88884 98292 575 739 2
__821__ Test 126 76884 103604 575 739 2
__822__ Test 126 78884 103604 575 739 2
__823__ Test 126 80884 100948 575 739 2
__824__ Test 126 82884 100948 575 739 2
__825__ Test 126 80884 103604 575 739 2
__826__ Test 126 82884 103604 575 739 2
__827__ Test 126 76884 106260 575 739 2
__828__ Test 126 78884 106260 575 739 2
__829__ Test 126 76884 108916 575 739 2
__830__ Test 126 78884 108916 575 739 2
__831__ Test 126 80884 106260 575 739 2
__832__ Test 126 82884 106260 575 739 2
__833__ Test 126 84884 100948 575 739 2
__834__ Test 126 86884 100948 575 739 2
__835__ Test 126 84884 103604 575 739 2
__836__ Test 126 86884 103604 575 739 2
__837__ Test 126 88884 100948 575 739 2
__838__ Test 126 84884 106260 575 739 2
__839__ Test 126 14920 77448 718 538 2
__840__ Test 126 12328 79320 718 538 2
__841__ Test 126 14920 79320 718 538 2
__842__ Test 126 20104 75576 718 538 2
__843__ Test 126 22696 73704 718 538 2
__844__ Test 126 25288 73704 718 538 2
__845__ Test 126 22696 75576 718 538 2
__846__ Test 126 25288 75576 718 538 2
__847__ Test 126 17512 77448 718 538 2
__848__ Test 126 20104 77448 718 538 2
__849__ Test 126 17512 79320 718 538 2
__850__ Test 126 20104 79320 718 538 2
__851__ Test 126 22696 77448 718 538 2
__852__ Test 126 25288 77448 718 538 2
__853__ Test 126 22696 79320 718 538 2
__854__ Test 126 25288 79320 718 538 2
__855__ Test 126 9736 83064 718 538 2
__856__ Test 126 12328 81192 718 538 2
__857__ Test 126 14920 81192 718 538 2
__858__ Test 126 12328 83064 718 538 2
__859__ Test 126 14920 83064 718 538 2
__860__ Test 126 9736 84936 718 538 2
__861__ Test 126 7144 86808 718 538 2
__862__ Test 126 9736 86808 718 538 2
__863__ Test 126 12328 84936 718 538 2
__864__ Test 126 14920 84936 718 538 2
__865__ Test 126 12328 86808 718 538 2
__866__ Test 126 14920 86808 718 538 2
__867__ Test 126 17512 81192 718 538 2
__868__ Test 126 20104 81192 718 538 2
__869__ Test 126 17512 83064 718 538 2
__870__ Test 126 20104 83064 718 538 2
__871__ Test 126 22696 81192 718 538 2
__872__ Test 126 25288 81192 718 538 2
__873__ Test 126 22696 83064 718 538 2
__874__ Test 126 25288 83064 718 538 2
__875__ Test 126 17512 84936 718 538 2
__876__ Test 126 20104 84936 718 538 2
__877__ Test 126 17512 86808 718 538 2
__878__ Test 126 20104 86808 718 538 2
__879__ Test 126 22696 84936 718 538 2
__880__ Test 126 25288 84936 718 538 2
__881__ Test 126 22696 86808 718 538 2
__882__ Test 126 25288 86808 718 538 2
__883__ Test 126 27880 73704 718 538 2
__884__ Test 126 27880 75576 718 538 2
__885__ Test 126 30472 75576 718 538 2
__886__ Test 126 33064 75576 718 538 2
__887__ Test 126 27880 77448 718 538 2
__888__ Test 126 30472 77448 718 538 2
__889__ Test 126 27880 79320 718 538 2
__890__ Test 126 30472 79320 718 538 2
__891__ Test 126 33064 77448 718 538 2
__892__ Test 126 35656 77448 718 538 2
__893__ Test 126 33064 79320 718 538 2
__894__ Test 126 35656 79320 718 538 2
__895__ Test 126 27880 81192 718 538 2
__896__ Test 126 30472 81192 718 538 2
__897__ Test 126 27880 83064 718 538 2
__898__ Test 126 30472 83064 718 538 2
__899__ Test 126 33064 81192 718 538 2
__900__ Test 126 35656 81192 718 538 2
__901__ Test 126 33064 83064 718 538 2
__902__ Test 126 35656 83064 718 538 2
__903__ Test 126 27880 84936 718 538 2
__904__ Test 126 30472 84936 718 538 2
__905__ Test 126 27880 86808 718 538 2
__906__ Test 126 30472 86808 718 538 2
__907__ Test 126 33064 84936 718 538 2
__908__ Test 126 35656 84936 718 538 2
__909__ Test 126 33064 86808 718 538 2
__910__ Test 126 35656 86808 718 538 2
__911__ Test 126 38248 81192 718 538 2
__912__ Test 126 38248 83064 718 538 2
__913__ Test 126 38248 84936 718 538 2
__914__ Test 126 40840 84936 718 538 2
__915__ Test 126 38248 86808 718 538 2
__916__ Test 126 7144 88680 718 538 2
__917__ Test 126 9736 88680 718 538 2
__918__ Test 126 7144 90552 718 538 2
__919__ Test 126 9736 90552 718 538 2
__920__ Test 126 12328 88680 718 538 2
__921__ Test 126 14920 88680 718 538 2
__922__ Test 126 12328 90552 718 538 2
__923__ Test 126 14920 90552 718 538 2
__924__ Test 126 9736 92424 718 538 2
__925__ Test 126 9736 94296 718 538 2
__926__ Test 126 12328 92424 718 538 2
__927__ Test 126 14920 92424 718 538 2
__928__ Test 126 12328 94296 718 538 2
__929__ Test 126 14920 94296 718 538 2
__930__ Test 126 17512 88680 718 538 2
__931__ Test 126 20104 88680 718 538 2
__932__ Test 126 22696 88680 718 538 2
__933__ Test 126 25288 88680 718 538 2
__934__ Test 126 22696 90552 718 538 2
__935__ Test 126 25288 90552 718 538 2
__936__ Test 126 17512 94296 718 538 2
__937__ Test 126 20104 94296 718 538 2
__938__ Test 126 22696 92424 718 538 2
__939__ Test 126 25288 92424 718 538 2
__940__ Test 126 22696 94296 718 538 2
__941__ Test 126 25288 94296 718 538 2
__942__ Test 126 9736 96168 718 538 2
__943__ Test 126 9736 98040 718 538 2
__944__ Test 126 12328 96168 718 538 2
__945__ Test 126 14920 96168 718 538 2
__946__ Test 126 12328 98040 718 538 2
__947__ Test 126 14920 98040 718 538 2
__948__ Test 126 12328 99912 718 538 2
__949__ Test 126 14920 99912 718 538 2
__950__ Test 126 17512 96168 718 538 2
__951__ Test 126 20104 96168 718 538 2
__952__ Test 126 17512 98040 718 538 2
__953__ Test 126 20104 98040 718 538 2
__954__ Test 126 22696 96168 718 538 2
__955__ Test 126 25288 96168 718 538 2
__956__ Test 126 22696 98040 718 538 2
__957__ Test 126 25288 98040 718 538 2
__958__ Test 126 17512 99912 718 538 2
__959__ Test 126 20104 99912 718 538 2
__960__ Test 126 17512 101784 718 538 2
__961__ Test 126 20104 101784 718 538 2
__962__ Test 126 22696 99912 718 538 2
__963__ Test 126 27880 88680 718 538 2
__964__ Test 126 30472 88680 718 538 2
__965__ Test 126 27880 90552 718 538 2
__966__ Test 126 30472 90552 718 538 2
__967__ Test 126 33064 88680 718 538 2
__968__ Test 126 35656 88680 718 538 2
__969__ Test 126 33064 90552 718 538 2
__970__ Test 126 35656 90552 718 538 2
__971__ Test 126 27880 92424 718 538 2
__972__ Test 126 30472 92424 718 538 2
__973__ Test 126 27880 94296 718 538 2
__974__ Test 126 30472 94296 718 538 2
__975__ Test 126 33064 92424 718 538 2
__976__ Test 126 35656 92424 718 538 2
__977__ Test 126 33064 94296 718 538 2
__978__ Test 126 35656 94296 718 538 2
__979__ Test 126 38248 88680 718 538 2
__980__ Test 126 38248 90552 718 538 2
__981__ Test 126 40840 90552 718 538 2
__982__ Test 126 43432 90552 718 538 2
__983__ Test 126 38248 92424 718 538 2
__984__ Test 126 40840 92424 718 538 2
__985__ Test 126 38248 94296 718 538 2
__986__ Test 126 40840 94296 718 538 2
__987__ Test 126 43432 92424 718 538 2
__988__ Test 126 43432 94296 718 538 2
__989__ Test 126 46024 94296 718 538 2
__990__ Test 126 27880 96168 718 538 2
__991__ Test 126 30472 96168 718 538 2
__992__ Test 126 33064 96168 718 538 2
__993__ Test 126 35656 96168 718 538 2
__994__ Test 126 35656 98040 718 538 2
__995__ Test 126 35656 99912 718 538 2
__996__ Test 126 38248 96168 718 538 2
__997__ Test 126 40840 96168 718 538 2
__998__ Test 126 38248 98040 718 538 2
__999__ Test 126 40840 98040 718 538 2
__1000__ Test 126 43432 96168 718 538 2
__1001__ Test 126 46024 96168 718 538 2
__1002__ Test 126 43432 98040 718 538 2
__1003__ Test 126 46024 98040 718 538 2
__1004__ Test 126 40840 99912 718 538 2
__1005__ Test 126 46024 99912 718 538 2
__1006__ Test 126 71296 79744 800 736 2
__1007__ Test 126 75060 102964 883 1203 2
__1008__ Test 126 56016 134512 764 804 2
__1009__ Test 126 61328 131696 764 804 2
__1010__ Test 126 58672 134512 764 804 2
__1011__ Test 126 61328 134512 764 804 2
__1012__ Test 126 56016 137328 764 804 2
__1013__ Test 126 58672 137328 764 804 2
__1014__ Test 126 61328 137328 764 804 2
__1015__ Test 126 58672 140144 764 804 2
__1016__ Test 126 61328 140144 764 804 2
__1017__ Test 126 63984 134512 764 804 2
__1018__ Test 126 63984 137328 764 804 2
__1019__ Test 126 66640 137328 764 804 2
__1020__ Test 126 63984 140144 764 804 2
__1021__ Test 126 66640 140144 764 804 2
__1022__ Test 126 69296 137328 764 804 2
__1023__ Test 126 69296 140144 764 804 2
__1024__ Test 126 71952 140144 764 804 2
__1025__ Test 126 56016 145776 764 804 2
__1026__ Test 126 58672 142960 764 804 2
__1027__ Test 126 61328 142960 764 804 2
__1028__ Test 126 58672 145776 764 804 2
__1029__ Test 126 61328 145776 764 804 2
__1030__ Test 126 58672 148592 764 804 2
__1031__ Test 126 61328 148592 764 804 2
__1032__ Test 126 61328 151408 764 804 2
__1033__ Test 126 63984 142960 764 804 2
__1034__ Test 126 66640 142960 764 804 2
__1035__ Test 126 63984 145776 764 804 2
__1036__ Test 126 66640 145776 764 804 2
__1037__ Test 126 69296 142960 764 804 2
__1038__ Test 126 71952 142960 764 804 2
__1039__ Test 126 69296 145776 764 804 2
__1040__ Test 126 71952 145776 764 804 2
__1041__ Test 126 63984 148592 764 804 2
__1042__ Test 126 66640 148592 764 804 2
__1043__ Test 126 63984 151408 764 804 2
__1044__ Test 126 66640 151408 764 804 2
__1045__ Test 126 69296 148592 764 804 2
__1046__ Test 127 27168 5504 1096 736 2
__1047__ Test 127 23168 8064 1096 736 2
__1048__ Test 127 27168 8064 1096 736 2
__1049__ Test 127 31168 5504 1096 736 2
__1050__ Test 127 35168 5504 1096 736 2
__1051__ Test 127 31168 8064 1096 736 2
__1052__ Test 127 35168 8064 1096 736 2
__1053__ Test 127 23168 10624 1096 736 2
__1054__ Test 127 27168 10624 1096 736 2
__1055__ Test 127 23168 13184 1096 736 2
__1056__ Test 127 27168 13184 1096 736 2
__1057__ Test 127 31168 10624 1096 736 2
__1058__ Test 127 35168 10624 1096 736 2
__1059__ Test 127 31168 13184 1096 736 2
__1060__ Test 127 35168 13184 1096 736 2
__1061__ Test 127 39168 8064 1096 736 2
__1062__ Test 127 43168 8064 1096 736 2
__1063__ Test 127 39168 10624 1096 736 2
__1064__ Test 127 43168 10624 1096 736 2
__1065__ Test 127 39168 13184 1096 736 2
__1066__ Test 127 43168 13184 1096 736 2
__1067__ Test 127 47168 10624 1096 736 2
__1068__ Test 127 47168 13184 1096 736 2
__1069__ Test 127 51168 13184 1096 736 2
__1070__ Test 127 23168 15744 1096 736 2
__1071__ Test 127 27168 15744 1096 736 2
__1072__ Test 127 23168 18304 1096 736 2
__1073__ Test 127 27168 18304 1096 736 2
__1074__ Test 127 35168 15744 1096 736 2
__1075__ Test 127 23168 20864 1096 736 2
__1076__ Test 127 23168 23424 1096 736 2
__1077__ Test 127 39168 15744 1096 736 2
__1078__ Test 127 43168 15744 1096 736 2
__1079__ Test 127 43168 18304 1096 736 2
__1080__ Test 127 47168 15744 1096 736 2
__1081__ Test 127 51168 15744 1096 736 2
__1082__ Test 127 47168 18304 1096 736 2
__1083__ Test 127 51168 18304 1096 736 2
__1084__ Test 127 43168 20864 1096 736 2
__1085__ Test 127 43168 23424 1096 736 2
__1086__ Test 127 47168 20864 1096 736 2
__1087__ Test 127 51168 20864 1096 736 2
__1088__ Test 127 47168 23424 1096 736 2
__1089__ Test 127 51168 23424 1096 736 2
__1090__ Test 127 121952 9600 1112 736 2
__1091__ Test 127 117888 12160 1112 736 2
__1092__ Test 127 121952 12160 1112 736 2
__1093__ Test 127 126016 9600 1112 736 2
__1094__ Test 127 130080 9600 1112 736 2
__1095__ Test 127 126016 12160 1112 736 2
__1096__ Test 127 130080 12160 1112 736 2
__1097__ Test 127 117888 14720 1112 736 2
__1098__ Test 127 121952 14720 1112 736 2
__1099__ Test 127 117888 17280 1112 736 2
__1100__ Test 127 121952 17280 1112 736 2
__1101__ Test 127 126016 14720 1112 736 2
__1102__ Test 127 130080 14720 1112 736 2
__1103__ Test 127 126016 17280 1112 736 2
__1104__ Test 127 130080 17280 1112 736 2
__1105__ Test 127 134144 12160 1112 736 2
__1106__ Test 127 138208 12160 1112 736 2
__1107__ Test 127 134144 14720 1112 736 2
__1108__ Test 127 138208 14720 1112 736 2
__1109__ Test 127 134144 17280 1112 736 2
__1110__ Test 127 138208 17280 1112 736 2
__1111__ Test 127 142272 14720 1112 736 2
__1112__ Test 127 142272 17280 1112 736 2
__1113__ Test 127 146336 17280 1112 736 2
__1114__ Test 127 117888 19840 1112 736 2
__1115__ Test 127 121952 19840 1112 736 2
__1116__ Test 127 117888 22400 1112 736 2
__1117__ Test 127 121952 22400 1112 736 2
__1118__ Test 127 126016 19840 1112 736 2
__1119__ Test 127 130080 19840 1112 736 2
__1120__ Test 127 117888 24960 1112 736 2
__1121__ Test 127 121952 24960 1112 736 2
__1122__ Test 127 117888 27520 1112 736 2
__1123__ Test 127 121952 27520 1112 736 2
__1124__ Test 127 126016 24960 1112 736 2
__1125__ Test 127 134144 19840 1112 736 2
__1126__ Test 127 138208 19840 1112 736 2
__1127__ Test 127 134144 22400 1112 736 2
__1128__ Test 127 138208 22400 1112 736 2
__1129__ Test 127 142272 19840 1112 736 2
__1130__ Test 127 146336 19840 1112 736 2
__1131__ Test 127 142272 22400 1112 736 2
__1132__ Test 127 146336 22400 1112 736 2
__1133__ Test 127 138208 24960 1112 736 2
__1134__ Test 127 142272 24960 1112 736 2
__1135__ Test 127 146336 24960 1112 736 2
__1136__ Test 127 142272 27520 1112 736 2
__1137__ Test 127 146336 27520 1112 736 2
__1138__ Test 127 66884 20516 911 951 2
__1139__ Test 127 66884 23844 911 951 2
__1140__ Test 127 66884 27172 911 951 2
__1141__ Test 127 70052 17188 911 951 2
__1142__ Test 127 73220 17188 911 951 2
__1143__ Test 127 70052 20516 911 951 2
__1144__ Test 127 73220 20516 911 951 2
__1145__ Test 127 76388 17188 911 951 2
__1146__ Test 127 76388 20516 911 951 2
__1147__ Test 127 79556 20516 911 951 2
__1148__ Test 127 70052 23844 911 951 2
__1149__ Test 127 73220 23844 911 951 2
__1150__ Test 127 70052 27172 911 951 2
__1151__ Test 127 73220 27172 911 951 2
__1152__ Test 127 76388 23844 911 951 2
__1153__ Test 127 79556 23844 911 951 2
__1154__ Test 127 76388 27172 911 951 2
__1155__ Test 127 79556 27172 911 951 2
__1156__ Test 127 57380 33828 911 951 2
__1157__ Test 127 60548 33828 911 951 2
__1158__ Test 127 63716 30500 911 951 2
__1159__ Test 127 66884 30500 911 951 2
__1160__ Test 127 63716 33828 911 951 2
__1161__ Test 127 66884 33828 911 951 2
__1162__ Test 127 57380 37156 911 951 2
__1163__ Test 127 60548 37156 911 951 2
__1164__ Test 127 57380 40484 911 951 2
__1165__ Test 127 60548 40484 911 951 2
__1166__ Test 127 63716 37156 911 951 2
__1167__ Test 127 66884 37156 911 951 2
__1168__ Test 127 63716 40484 911 951 2
__1169__ Test 127 66884 40484 911 951 2
__1170__ Test 127 70052 30500 911 951 2
__1171__ Test 127 73220 30500 911 951 2
__1172__ Test 127 70052 33828 911 951 2
__1173__ Test 127 73220 33828 911 951 2
__1174__ Test 127 76388 30500 911 951 2
__1175__ Test 127 79556 30500 911 951 2
__1176__ Test 127 76388 33828 911 951 2
__1177__ Test 127 79556 33828 911 951 2
__1178__ Test 127 70052 37156 911 951 2
__1179__ Test 127 73220 37156 911 951 2
__1180__ Test 127 70052 40484 911 951 2
__1181__ Test 127 73220 40484 911 951 2
__1182__ Test 127 76388 37156 911 951 2
__1183__ Test 127 79556 37156 911 951 2
__1184__ Test 127 76388 40484 911 951 2
__1185__ Test 127 23500 20428 589 589 2
__1186__ Test 127 166656 22944 672 904 2
__1187__ Test 127 166656 26208 672 904 2
__1188__ Test 127 166656 29472 672 904 2
__1189__ Test 127 166656 32736 672 904 2
__1190__ Test 127 168992 22944 672 904 2
__1191__ Test 127 171328 22944 672 904 2
__1192__ Test 127 168992 26208 672 904 2
__1193__ Test 127 171328 26208 672 904 2
__1194__ Test 127 173664 22944 672 904 2
__1195__ Test 127 173664 26208 672 904 2
__1196__ Test 127 176000 26208 672 904 2
__1197__ Test 127 168992 29472 672 904 2
__1198__ Test 127 171328 29472 672 904 2
__1199__ Test 127 168992 32736 672 904 2
__1200__ Test 127 171328 32736 672 904 2
__1201__ Test 127 173664 29472 672 904 2
__1202__ Test 127 176000 29472 672 904 2
__1203__ Test 127 173664 32736 672 904 2
__1204__ Test 127 176000 32736 672 904 2
__1205__ Test 127 159648 36000 672 904 2
__1206__ Test 127 161984 36000 672 904 2
__1207__ Test 127 159648 39264 672 904 2
__1208__ Test 127 161984 39264 672 904 2
__1209__ Test 127 164320 36000 672 904 2
__1210__ Test 127 166656 36000 672 904 2
__1211__ Test 127 164320 39264 672 904 2
__1212__ Test 127 166656 39264 672 904 2
__1213__ Test 127 159648 42528 672 904 2
__1214__ Test 127 161984 42528 672 904 2
__1215__ Test 127 159648 45792 672 904 2
__1216__ Test 127 161984 45792 672 904 2
__1217__ Test 127 164320 42528 672 904 2
__1218__ Test 127 166656 42528 672 904 2
__1219__ Test 127 164320 45792 672 904 2
__1220__ Test 127 166656 45792 672 904 2
__1221__ Test 127 168992 36000 672 904 2
__1222__ Test 127 171328 36000 672 904 2
__1223__ Test 127 168992 39264 672 904 2
__1224__ Test 127 171328 39264 672 904 2
__1225__ Test 127 173664 36000 672 904 2
__1226__ Test 127 176000 36000 672 904 2
__1227__ Test 127 173664 39264 672 904 2
__1228__ Test 127 176000 39264 672 904 2
__1229__ Test 127 168992 42528 672 904 2
__1230__ Test 127 171328 42528 672 904 2
__1231__ Test 127 168992 45792 672 904 2
__1232__ Test 127 171328 45792 672 904 2
__1233__ Test 127 173664 42528 672 904 2
__1234__ Test 127 176000 42528 672 904 2
__1235__ Test 127 173664 45792 672 904 2
__1236__ Test 127 119168 24704 736 1056 2
__1237__ Test 127 18000 42432 764 888 2
__1238__ Test 127 20656 39280 764 888 2
__1239__ Test 127 23312 39280 764 888 2
__1240__ Test 127 20656 42432 764 888 2
__1241__ Test 127 23312 42432 764 888 2
__1242__ Test 127 15344 45584 764 888 2
__1243__ Test 127 18000 45584 764 888 2
__1244__ Test 127 15344 48736 764 888 2
__1245__ Test 127 18000 48736 764 888 2
__1246__ Test 127 20656 45584 764 888 2
__1247__ Test 127 23312 45584 764 888 2
__1248__ Test 127 20656 48736 764 888 2
__1249__ Test 127 23312 48736 764 888 2
__1250__ Test 127 12688 51888 764 888 2
__1251__ Test 127 10032 55040 764 888 2
__1252__ Test 127 12688 55040 764 888 2
__1253__ Test 127 7376 58192 764 888 2
__1254__ Test 127 7376 61344 764 888 2
__1255__ Test 127 10032 58192 764 888 2
__1256__ Test 127 12688 58192 764 888 2
__1257__ Test 127 10032 61344 764 888 2
__1258__ Test 127 12688 61344 764 888 2
__1259__ Test 127 15344 51888 764 888 2
__1260__ Test 127 18000 51888 764 888 2
__1261__ Test 127 15344 55040 764 888 2
__1262__ Test 127 18000 55040 764 888 2
__1263__ Test 127 20656 51888 764 888 2
__1264__ Test 127 23312 51888 764 888 2
__1265__ Test 127 20656 55040 764 888 2
__1266__ Test 127 23312 55040 764 888 2
__1267__ Test 127 15344 58192 764 888 2
__1268__ Test 127 18000 58192 764 888 2
__1269__ Test 127 15344 61344 764 888 2
__1270__ Test 127 18000 61344 764 888 2
__1271__ Test 127 20656 58192 764 888 2
__1272__ Test 127 23312 58192 764 888 2
__1273__ Test 127 20656 61344 764 888 2
__1274__ Test 127 25968 39280 764 888 2
__1275__ Test 127 28624 39280 764 888 2
__1276__ Test 127 25968 42432 764 888 2
__1277__ Test 127 28624 42432 764 888 2
__1278__ Test 127 31280 39280 764 888 2
__1279__ Test 127 33936 39280 764 888 2
__1280__ Test 127 31280 42432 764 888 2
__1281__ Test 127 33936 42432 764 888 2
__1282__ Test 127 25968 45584 764 888 2
__1283__ Test 127 28624 45584 764 888 2
__1284__ Test 127 25968 48736 764 888 2
__1285__ Test 127 28624 48736 764 888 2
__1286__ Test 127 31280 45584 764 888 2
__1287__ Test 127 33936 45584 764 888 2
__1288__ Test 127 31280 48736 764 888 2
__1289__ Test 127 33936 48736 764 888 2
__1290__ Test 127 25968 51888 764 888 2
__1291__ Test 127 28624 51888 764 888 2
__1292__ Test 127 25968 55040 764 888 2
__1293__ Test 127 28624 55040 764 888 2
__1294__ Test 127 31280 51888 764 888 2
__1295__ Test 127 33936 51888 764 888 2
__1296__ Test 127 31280 55040 764 888 2
__1297__ Test 127 33936 55040 764 888 2
__1298__ Test 127 25968 58192 764 888 2
__1299__ Test 127 28624 58192 764 888 2
__1300__ Test 127 31280 58192 764 888 2
__1301__ Test 127 33936 58192 764 888 2
__1302__ Test 127 31280 61344 764 888 2
__1303__ Test 127 33936 61344 764 888 2
__1304__ Test 127 36592 51888 764 888 2
__1305__ Test 127 36592 55040 764 888 2
__1306__ Test 127 39248 55040 764 888 2
__1307__ Test 127 41904 55040 764 888 2
__1308__ Test 127 44560 55040 764 888 2
__1309__ Test 127 36592 58192 764 888 2
__1310__ Test 127 39248 58192 764 888 2
__1311__ Test 127 36592 61344 764 888 2
__1312__ Test 127 39248 61344 764 888 2
__1313__ Test 127 41904 58192 764 888 2
__1314__ Test 127 44560 58192 764 888 2
__1315__ Test 127 41904 61344 764 888 2
__1316__ Test 127 44560 61344 764 888 2
__1317__ Test 127 7376 64496 764 888 2
__1318__ Test 127 4720 67648 764 888 2
__1319__ Test 127 7376 67648 764 888 2
__1320__ Test 127 10032 64496 764 888 2
__1321__ Test 127 12688 64496 764 888 2
__1322__ Test 127 10032 67648 764 888 2
__1323__ Test 127 12688 67648 764 888 2
__1324__ Test 127 4720 70800 764 888 2
__1325__ Test 127 7376 70800 764 888 2
__1326__ Test 127 4720 73952 764 888 2
__1327__ Test 127 7376 73952 764 888 2
__1328__ Test 127 10032 70800 764 888 2
__1329__ Test 127 12688 70800 764 888 2
__1330__ Test 127 10032 73952 764 888 2
__1331__ Test 127 12688 73952 764 888 2
__1332__ Test 127 15344 64496 764 888 2
__1333__ Test 127 18000 64496 764 888 2
__1334__ Test 127 15344 67648 764 888 2
__1335__ Test 127 23312 70800 764 888 2
__1336__ Test 127 4720 77104 764 888 2
__1337__ Test 127 7376 77104 764 888 2
__1338__ Test 127 4720 80256 764 888 2
__1339__ Test 127 7376 80256 764 888 2
__1340__ Test 127 10032 77104 764 888 2
__1341__ Test 127 10032 80256 764 888 2
__1342__ Test 127 12688 80256 764 888 2
__1343__ Test 127 7376 83408 764 888 2
__1344__ Test 127 7376 86560 764 888 2
__1345__ Test 127 10032 83408 764 888 2
__1346__ Test 127 12688 83408 764 888 2
__1347__ Test 127 10032 86560 764 888 2
__1348__ Test 127 12688 86560 764 888 2
__1349__ Test 127 23312 77104 764 888 2
__1350__ Test 127 15344 83408 764 888 2
__1351__ Test 127 15344 86560 764 888 2
__1352__ Test 127 28624 64496 764 888 2
__1353__ Test 127 25968 67648 764 888 2
__1354__ Test 127 31280 64496 764 888 2
__1355__ Test 127 33936 64496 764 888 2
__1356__ Test 127 33936 67648 764 888 2
__1357__ Test 127 25968 70800 764 888 2
__1358__ Test 127 25968 73952 764 888 2
__1359__ Test 127 28624 73952 764 888 2
__1360__ Test 127 36592 64496 764 888 2
__1361__ Test 127 39248 64496 764 888 2
__1362__ Test 127 36592 67648 764 888 2
__1363__ Test 127 39248 67648 764 888 2
__1364__ Test 127 41904 64496 764 888 2
__1365__ Test 127 44560 64496 764 888 2
__1366__ Test 127 41904 67648 764 888 2
__1367__ Test 127 44560 67648 764 888 2
__1368__ Test 127 36592 70800 764 888 2
__1369__ Test 127 39248 70800 764 888 2
__1370__ Test 127 41904 70800 764 888 2
__1371__ Test 127 44560 70800 764 888 2
__1372__ Test 127 31280 80256 764 888 2
__1373__ Test 127 33936 80256 764 888 2
__1374__ Test 127 160936 39592 662 662 2
__1375__ Test 127 154004 40852 827 699 2
__1376__ Test 127 156948 40852 827 699 2
__1377__ Test 127 154004 43284 827 699 2
__1378__ Test 127 156948 43284 827 699 2
__1379__ Test 127 115280 47520 764 880 2
__1380__ Test 127 117936 44400 764 880 2
__1381__ Test 127 120592 44400 764 880 2
__1382__ Test 127 117936 47520 764 880 2
__1383__ Test 127 120592 47520 764 880 2
__1384__ Test 127 112624 50640 764 880 2
__1385__ Test 127 115280 50640 764 880 2
__1386__ Test 127 112624 53760 764 880 2
__1387__ Test 127 115280 53760 764 880 2
__1388__ Test 127 117936 50640 764 880 2
__1389__ Test 127 120592 50640 764 880 2
__1390__ Test 127 117936 53760 764 880 2
__1391__ Test 127 120592 53760 764 880 2
__1392__ Test 127 109968 56880 764 880 2
__1393__ Test 127 107312 60000 764 880 2
__1394__ Test 127 109968 60000 764 880 2
__1395__ Test 127 104656 63120 764 880 2
__1396__ Test 127 104656 66240 764 880 2
__1397__ Test 127 107312 63120 764 880 2
__1398__ Test 127 109968 63120 764 880 2
__1399__ Test 127 107312 66240 764 880 2
__1400__ Test 127 109968 66240 764 880 2
__1401__ Test 127 112624 56880 764 880 2
__1402__ Test 127 115280 56880 764 880 2
__1403__ Test 127 112624 60000 764 880 2
__1404__ Test 127 115280 60000 764 880 2
__1405__ Test 127 117936 56880 764 880 2
__1406__ Test 127 120592 56880 764 880 2
__1407__ Test 127 117936 60000 764 880 2
__1408__ Test 127 120592 60000 764 880 2
__1409__ Test 127 112624 63120 764 880 2
__1410__ Test 127 115280 63120 764 880 2
__1411__ Test 127 112624 66240 764 880 2
__1412__ Test 127 115280 66240 764 880 2
__1413__ Test 127 117936 63120 764 880 2
__1414__ Test 127 120592 63120 764 880 2
__1415__ Test 127 117936 66240 764 880 2
__1416__ Test 127 123248 44400 764 880 2
__1417__ Test 127 125904 44400 764 880 2
__1418__ Test 127 123248 47520 764 880 2
__1419__ Test 127 125904 47520 764 880 2
__1420__ Test 127 128560 44400 764 880 2
__1421__ Test 127 131216 44400 764 880 2
__1422__ Test 127 128560 47520 764 880 2
__1423__ Test 127 131216 47520 764 880 2
__1424__ Test 127 123248 50640 764 880 2
__1425__ Test 127 125904 50640 764 880 2
__1426__ Test 127 123248 53760 764 880 2
__1427__ Test 127 125904 53760 764 880 2
__1428__ Test 127 128560 50640 764 880 2
__1429__ Test 127 131216 50640 764 880 2
__1430__ Test 127 128560 53760 764 880 2
__1431__ Test 127 131216 53760 764 880 2
__1432__ Test 127 123248 56880 764 880 2
__1433__ Test 127 125904 56880 764 880 2
__1434__ Test 127 123248 60000 764 880 2
__1435__ Test 127 125904 60000 764 880 2
__1436__ Test 127 128560 56880 764 880 2
__1437__ Test 127 131216 56880 764 880 2
__1438__ Test 127 128560 60000 764 880 2
__1439__ Test 127 131216 60000 764 880 2
__1440__ Test 127 123248 63120 764 880 2
__1441__ Test 127 125904 63120 764 880 2
__1442__ Test 127 128560 63120 764 880 2
__1443__ Test 127 131216 63120 764 880 2
__1444__ Test 127 128560 66240 764 880 2
__1445__ Test 127 131216 66240 764 880 2
__1446__ Test 127 133872 56880 764 880 2
__1447__ Test 127 133872 60000 764 880 2
__1448__ Test 127 136528 60000 764 880 2
__1449__ Test 127 139184 56880 764 880 2
__1450__ Test 127 139184 60000 764 880 2
__1451__ Test 127 141840 60000 764 880 2
__1452__ Test 127 133872 63120 764 880 2
__1453__ Test 127 136528 63120 764 880 2
__1454__ Test 127 133872 66240 764 880 2
__1455__ Test 127 136528 66240 764 880 2
__1456__ Test 127 139184 63120 764 880 2
__1457__ Test 127 141840 63120 764 880 2
__1458__ Test 127 139184 66240 764 880 2
__1459__ Test 127 141840 66240 764 880 2
__1460__ Test 127 104656 69360 764 880 2
__1461__ Test 127 102000 72480 764 880 2
__1462__ Test 127 104656 72480 764 880 2
__1463__ Test 127 107312 69360 764 880 2
__1464__ Test 127 109968 69360 764 880 2
__1465__ Test 127 107312 72480 764 880 2
__1466__ Test 127 109968 72480 764 880 2
__1467__ Test 127 102000 75600 764 880 2
__1468__ Test 127 104656 75600 764 880 2
__1469__ Test 127 102000 78720 764 880 2
__1470__ Test 127 104656 78720 764 880 2
__1471__ Test 127 107312 75600 764 880 2
__1472__ Test 127 109968 75600 764 880 2
__1473__ Test 127 107312 78720 764 880 2
__1474__ Test 127 109968 78720 764 880 2
__1475__ Test 127 112624 69360 764 880 2
__1476__ Test 127 115280 69360 764 880 2
__1477__ Test 127 112624 72480 764 880 2
__1478__ Test 127 102000 81840 764 880 2
__1479__ Test 127 104656 81840 764 880 2
__1480__ Test 127 102000 84960 764 880 2
__1481__ Test 127 104656 84960 764 880 2
__1482__ Test 127 107312 81840 764 880 2
__1483__ Test 127 107312 84960 764 880 2
__1484__ Test 127 109968 84960 764 880 2
__1485__ Test 127 104656 88080 764 880 2
__1486__ Test 127 104656 91200 764 880 2
__1487__ Test 127 107312 88080 764 880 2
__1488__ Test 127 109968 88080 764 880 2
__1489__ Test 127 107312 91200 764 880 2
__1490__ Test 127 109968 91200 764 880 2
__1491__ Test 127 131216 69360 764 880 2
__1492__ Test 127 131216 72480 764 880 2
__1493__ Test 127 133872 69360 764 880 2
__1494__ Test 127 136528 69360 764 880 2
__1495__ Test 127 133872 72480 764 880 2
__1496__ Test 127 136528 72480 764 880 2
__1497__ Test 127 139184 69360 764 880 2
__1498__ Test 127 141840 69360 764 880 2
__1499__ Test 127 139184 72480 764 880 2
__1500__ Test 127 141840 72480 764 880 2
__1501__ Test 127 136528 75600 764 880 2
__1502__ Test 127 139184 75600 764 880 2
__1503__ Test 127 72592 49040 708 1068 2
__1504__ Test 127 75056 49040 708 1068 2
__1505__ Test 127 72592 52944 708 1068 2
__1506__ Test 127 75056 52944 708 1068 2
__1507__ Test 127 77520 49040 708 1068 2
__1508__ Test 127 79984 49040 708 1068 2
__1509__ Test 127 77520 52944 708 1068 2
__1510__ Test 127 79984 52944 708 1068 2
__1511__ Test 127 72592 56848 708 1068 2
__1512__ Test 127 75056 56848 708 1068 2
__1513__ Test 127 72592 60752 708 1068 2
__1514__ Test 127 75056 60752 708 1068 2
__1515__ Test 127 77520 56848 708 1068 2
__1516__ Test 127 79984 56848 708 1068 2
__1517__ Test 127 77520 60752 708 1068 2
__1518__ Test 127 79984 60752 708 1068 2
__1519__ Test 127 82448 49040 708 1068 2
__1520__ Test 127 84912 49040 708 1068 2
__1521__ Test 127 82448 52944 708 1068 2
__1522__ Test 127 84912 52944 708 1068 2
__1523__ Test 127 87376 52944 708 1068 2
__1524__ Test 127 82448 56848 708 1068 2
__1525__ Test 127 84912 56848 708 1068 2
__1526__ Test 127 82448 60752 708 1068 2
__1527__ Test 127 84912 60752 708 1068 2
__1528__ Test 127 87376 56848 708 1068 2
__1529__ Test 127 89840 56848 708 1068 2
__1530__ Test 127 87376 60752 708 1068 2
__1531__ Test 127 89840 60752 708 1068 2
__1532__ Test 127 72592 64656 708 1068 2
__1533__ Test 127 75056 64656 708 1068 2
__1534__ Test 127 72592 68560 708 1068 2
__1535__ Test 127 75056 68560 708 1068 2
__1536__ Test 127 72592 72464 708 1068 2
__1537__ Test 127 75056 72464 708 1068 2
__1538__ Test 127 72592 76368 708 1068 2
__1539__ Test 127 75056 76368 708 1068 2
__1540__ Test 127 77520 72464 708 1068 2
__1541__ Test 127 79984 72464 708 1068 2
__1542__ Test 127 77520 76368 708 1068 2
__1543__ Test 127 79984 76368 708 1068 2
__1544__ Test 127 84912 64656 708 1068 2
__1545__ Test 127 84912 68560 708 1068 2
__1546__ Test 127 87376 64656 708 1068 2
__1547__ Test 127 89840 64656 708 1068 2
__1548__ Test 127 87376 68560 708 1068 2
__1549__ Test 127 89840 68560 708 1068 2
__1550__ Test 127 82448 72464 708 1068 2
__1551__ Test 127 84912 72464 708 1068 2
__1552__ Test 127 82448 76368 708 1068 2
__1553__ Test 127 84912 76368 708 1068 2
__1554__ Test 127 87376 72464 708 1068 2
__1555__ Test 127 59056 52400 644 868 2
__1556__ Test 127 61296 52400 644 868 2
__1557__ Test 127 59056 55536 644 868 2
__1558__ Test 127 61296 55536 644 868 2
__1559__ Test 127 63536 52400 644 868 2
__1560__ Test 127 65776 52400 644 868 2
__1561__ Test 127 63536 55536 644 868 2
__1562__ Test 127 65776 55536 644 868 2
__1563__ Test 127 59056 58672 644 868 2
__1564__ Test 127 61296 58672 644 868 2
__1565__ Test 127 61296 61808 644 868 2
__1566__ Test 127 63536 58672 644 868 2
__1567__ Test 127 65776 58672 644 868 2
__1568__ Test 127 63536 61808 644 868 2
__1569__ Test 127 65776 61808 644 868 2
__1570__ Test 127 169864 53640 718 1070 2
__1571__ Test 127 172360 53640 718 1070 2
__1572__ Test 127 169864 57544 718 1070 2
__1573__ Test 127 172360 57544 718 1070 2
__1574__ Test 127 174856 53640 718 1070 2
__1575__ Test 127 177352 53640 718 1070 2
__1576__ Test 127 174856 57544 718 1070 2
__1577__ Test 127 177352 57544 718 1070 2
__1578__ Test 127 169864 61448 718 1070 2
__1579__ Test 127 172360 61448 718 1070 2
__1580__ Test 127 169864 65352 718 1070 2
__1581__ Test 127 172360 65352 718 1070 2
__1582__ Test 127 174856 61448 718 1070 2
__1583__ Test 127 177352 61448 718 1070 2
__1584__ Test 127 174856 65352 718 1070 2
__1585__ Test 127 177352 65352 718 1070 2
__1586__ Test 127 179848 53640 718 1070 2
__1587__ Test 127 179848 57544 718 1070 2
__1588__ Test 127 182344 57544 718 1070 2
__1589__ Test 127 184840 57544 718 1070 2
__1590__ Test 127 179848 61448 718 1070 2
__1591__ Test 127 182344 61448 718 1070 2
__1592__ Test 127 179848 65352 718 1070 2
__1593__ Test 127 182344 65352 718 1070 2
__1594__ Test 127 184840 61448 718 1070 2
__1595__ Test 127 187336 61448 718 1070 2
__1596__ Test 127 184840 65352 718 1070 2
__1597__ Test 127 187336 65352 718 1070 2
__1598__ Test 127 169864 69256 718 1070 2
__1599__ Test 127 172360 69256 718 1070 2
__1600__ Test 127 169864 73160 718 1070 2
__1601__ Test 127 172360 73160 718 1070 2
__1602__ Test 127 169864 77064 718 1070 2
__1603__ Test 127 172360 77064 718 1070 2
__1604__ Test 127 169864 80968 718 1070 2
__1605__ Test 127 172360 80968 718 1070 2
__1606__ Test 127 174856 77064 718 1070 2
__1607__ Test 127 177352 77064 718 1070 2
__1608__ Test 127 174856 80968 718 1070 2
__1609__ Test 127 177352 80968 718 1070 2
__1610__ Test 127 179848 69256 718 1070 2
__1611__ Test 127 182344 69256 718 1070 2
__1612__ Test 127 179848 73160 718 1070 2
__1613__ Test 127 182344 73160 718 1070 2
__1614__ Test 127 184840 69256 718 1070 2
__1615__ Test 127 187336 69256 718 1070 2
__1616__ Test 127 184840 73160 718 1070 2
__1617__ Test 127 187336 73160 718 1070 2
__1618__ Test 127 179848 77064 718 1070 2
__1619__ Test 127 182344 77064 718 1070 2
__1620__ Test 127 179848 80968 718 1070 2
__1621__ Test 127 182344 80968 718 1070 2
__1622__ Test 127 184840 77064 718 1070 2
__1623__ Test 127 158520 57016 626 866 2
__1624__ Test 127 156344 60152 626 866 2
__1625__ Test 127 158520 60152 626 866 2
__1626__ Test 127 160696 57016 626 866 2
__1627__ Test 127 162872 57016 626 866 2
__1628__ Test 127 160696 60152 626 866 2
__1629__ Test 127 162872 60152 626 866 2
__1630__ Test 127 156344 63288 626 866 2
__1631__ Test 127 158520 63288 626 866 2
__1632__ Test 127 158520 66424 626 866 2
__1633__ Test 127 160696 63288 626 866 2
__1634__ Test 127 162872 63288 626 866 2
__1635__ Test 127 160696 66424 626 866 2
__1636__ Test 127 162872 66424 626 866 2
__1637__ Test 127 74072 66136 810 1002 2
__1638__ Test 127 13516 66508 589 653 2
__1639__ Test 127 15564 66508 589 653 2
__1640__ Test 127 13516 68812 589 653 2
__1641__ Test 127 15564 68812 589 653 2
__1642__ Test 127 171392 70528 736 1056 2
__1643__ Test 127 111412 71476 947 883 2
__1644__ Test 127 108456 76456 662 726 2
__1645__ Test 127 157900 81100 653 589 2
__1646__ Test 128 23864 3256 1162 874 2
__1647__ Test 128 28056 3256 1162 874 2
__1648__ Test 128 23864 6296 1162 874 2
__1649__ Test 128 28056 6296 1162 874 2
__1650__ Test 128 32248 3256 1162 874 2
__1651__ Test 128 36440 3256 1162 874 2
__1652__ Test 128 32248 6296 1162 874 2
__1653__ Test 128 36440 6296 1162 874 2
__1654__ Test 128 23864 9336 1162 874 2
__1655__ Test 128 28056 9336 1162 874 2
__1656__ Test 128 28056 12376 1162 874 2
__1657__ Test 128 32248 9336 1162 874 2
__1658__ Test 128 36440 9336 1162 874 2
__1659__ Test 128 32248 12376 1162 874 2
__1660__ Test 128 10084 6884 543 635 2
__1661__ Test 128 11972 6884 543 635 2
__1662__ Test 128 10084 9140 543 635 2
__1663__ Test 128 11972 9140 543 635 2
__1664__ Test 128 13860 6884 543 635 2
__1665__ Test 128 15748 6884 543 635 2
__1666__ Test 128 13860 9140 543 635 2
__1667__ Test 128 15748 9140 543 635 2
__1668__ Test 128 10084 11396 543 635 2
__1669__ Test 128 11972 11396 543 635 2
__1670__ Test 128 11972 13652 543 635 2
__1671__ Test 128 13860 11396 543 635 2
__1672__ Test 128 15748 11396 543 635 2
__1673__ Test 128 13860 13652 543 635 2
__1674__ Test 128 15748 13652 543 635 2
__1675__ Test 128 17636 9140 543 635 2
__1676__ Test 128 23300 6884 543 635 2
__1677__ Test 128 23300 9140 543 635 2
__1678__ Test 128 17636 11396 543 635 2
__1679__ Test 128 19524 11396 543 635 2
__1680__ Test 128 17636 13652 543 635 2
__1681__ Test 128 19524 13652 543 635 2
__1682__ Test 128 21412 13652 543 635 2
__1683__ Test 128 23300 13652 543 635 2
__1684__ Test 128 11972 15908 543 635 2
__1685__ Test 128 13860 15908 543 635 2
__1686__ Test 128 15748 15908 543 635 2
__1687__ Test 128 15748 18164 543 635 2
__1688__ Test 128 17636 15908 543 635 2
__1689__ Test 128 19524 15908 543 635 2
__1690__ Test 128 17636 18164 543 635 2
__1691__ Test 128 19524 18164 543 635 2
__1692__ Test 128 21412 15908 543 635 2
__1693__ Test 128 23300 15908 543 635 2
__1694__ Test 128 21412 18164 543 635 2
__1695__ Test 128 23300 18164 543 635 2
__1696__ Test 128 17636 20420 543 635 2
__1697__ Test 128 19524 20420 543 635 2
__1698__ Test 128 17636 22676 543 635 2
__1699__ Test 128 19524 22676 543 635 2
__1700__ Test 128 21412 20420 543 635 2
__1701__ Test 128 23300 20420 543 635 2
__1702__ Test 128 21412 22676 543 635 2
__1703__ Test 128 23300 22676 543 635 2
__1704__ Test 128 30280 34376 1198 846 2
__1705__ Test 128 34632 34376 1198 846 2
__1706__ Test 128 30280 37320 1198 846 2
__1707__ Test 128 34632 37320 1198 846 2
__1708__ Test 128 38984 34376 1198 846 2
__1709__ Test 128 43336 34376 1198 846 2
__1710__ Test 128 38984 37320 1198 846 2
__1711__ Test 128 43336 37320 1198 846 2
__1712__ Test 128 30280 40264 1198 846 2
__1713__ Test 128 34632 40264 1198 846 2
__1714__ Test 128 30280 43208 1198 846 2
__1715__ Test 128 34632 43208 1198 846 2
__1716__ Test 128 38984 40264 1198 846 2
__1717__ Test 128 43336 40264 1198 846 2
__1718__ Test 128 38984 43208 1198 846 2
__1719__ Test 128 5744 37680 644 1084 2
__1720__ Test 128 3504 41680 644 1084 2
__1721__ Test 128 5744 41680 644 1084 2
__1722__ Test 128 7984 37680 644 1084 2
__1723__ Test 128 10224 37680 644 1084 2
__1724__ Test 128 7984 41680 644 1084 2
__1725__ Test 128 10224 41680 644 1084 2
__1726__ Test 128 3504 45680 644 1084 2
__1727__ Test 128 5744 45680 644 1084 2
__1728__ Test 128 3504 49680 644 1084 2
__1729__ Test 128 5744 49680 644 1084 2
__1730__ Test 128 7984 45680 644 1084 2
__1731__ Test 128 10224 45680 644 1084 2
__1732__ Test 128 7984 49680 644 1084 2
__1733__ Test 128 10224 49680 644 1084 2
__1734__ Test 128 8936 55144 294 294 2
__1735__ Test 129 39456 73312 1032 984 2
__1736__ Test 129 43072 69888 1032 984 2
__1737__ Test 129 46688 69888 1032 984 2
__1738__ Test 129 43072 73312 1032 984 2
__1739__ Test 129 46688 73312 1032 984 2
__1740__ Test 129 39456 76736 1032 984 2
__1741__ Test 129 35840 80160 1032 984 2
__1742__ Test 129 39456 80160 1032 984 2
__1743__ Test 129 43072 76736 1032 984 2
__1744__ Test 129 46688 76736 1032 984 2
__1745__ Test 129 43072 80160 1032 984 2
__1746__ Test 129 46688 80160 1032 984 2
__1747__ Test 129 50304 73312 1032 984 2
__1748__ Test 129 53920 73312 1032 984 2
__1749__ Test 129 50304 76736 1032 984 2
__1750__ Test 129 53920 76736 1032 984 2
__1751__ Test 129 53920 80160 1032 984 2
__1752__ Test 129 57536 76736 1032 984 2
__1753__ Test 129 57536 80160 1032 984 2
__1754__ Test 129 35840 83584 1032 984 2
__1755__ Test 129 39456 83584 1032 984 2
__1756__ Test 129 39456 87008 1032 984 2
__1757__ Test 129 43072 83584 1032 984 2
__1758__ Test 129 46688 83584 1032 984 2
__1759__ Test 129 43072 87008 1032 984 2
__1760__ Test 129 46688 87008 1032 984 2
__1761__ Test 129 43072 90432 1032 984 2
__1762__ Test 129 46688 90432 1032 984 2
__1763__ Test 129 50304 87008 1032 984 2
__1764__ Test 129 50304 90432 1032 984 2
__1765__ Test 129 53920 90432 1032 984 2
__1766__ Test 129 50304 93856 1032 984 2
__1767__ Test 129 56232 84904 726 662 2
__1768__ Test 129 34472 115624 790 662 2
__1769__ Test 129 37288 115624 790 662 2
__1770__ Test 129 34472 117928 790 662 2
__1771__ Test 129 37288 117928 790 662 2
__1772__ Test 130 28460 114444 981 957 2
__1773__ Test 130 31884 114444 981 957 2
__1774__ Test 130 31884 117772 981 957 2
__1775__ Test 130 35308 117772 981 957 2
__1776__ Test 130 35308 121100 981 957 2
__1777__ Test 130 35308 124428 981 957 2
__1778__ Test 130 38732 121100 981 957 2
__1779__ Test 130 38732 124428 981 957 2
__1780__ Test 130 18188 131084 981 957 2
__1781__ Test 130 21612 131084 981 957 2
__1782__ Test 130 28460 127756 981 957 2
__1783__ Test 130 25036 131084 981 957 2
__1784__ Test 130 28460 131084 981 957 2
__1785__ Test 130 18188 134412 981 957 2
__1786__ Test 130 21612 134412 981 957 2
__1787__ Test 130 25036 134412 981 957 2
__1788__ Test 130 28460 134412 981 957 2
__1789__ Test 130 28460 137740 981 957 2
__1790__ Test 130 31884 127756 981 957 2
__1791__ Test 130 35308 127756 981 957 2
__1792__ Test 130 31884 131084 981 957 2
__1793__ Test 130 35308 131084 981 957 2
__1794__ Test 130 38732 127756 981 957 2
__1795__ Test 130 42156 127756 981 957 2
__1796__ Test 130 38732 131084 981 957 2
__1797__ Test 130 42156 131084 981 957 2
__1798__ Test 130 31884 134412 981 957 2
__1799__ Test 130 35308 134412 981 957 2
__1800__ Test 130 31884 137740 981 957 2
__1801__ Test 130 35308 137740 981 957 2
__1802__ Test 130 38732 134412 981 957 2
__1803__ Test 130 42156 134412 981 957 2
__1804__ Test 130 38732 137740 981 957 2
__1805__ Test 130 69548 128300 981 405 2
__1806__ Test 130 65836 129708 981 405 2
__1807__ Test 130 69548 129708 981 405 2
__1808__ Test 130 76972 125484 981 405 2
__1809__ Test 130 73260 126892 981 405 2
__1810__ Test 130 76972 126892 981 405 2
__1811__ Test 130 80684 126892 981 405 2
__1812__ Test 130 73260 128300 981 405 2
__1813__ Test 130 76972 128300 981 405 2
__1814__ Test 130 76972 129708 981 405 2
__1815__ Test 130 80684 128300 981 405 2
__1816__ Test 130 80684 129708 981 405 2
__1817__ Test 130 62124 131116 981 405 2
__1818__ Test 130 62124 132524 981 405 2
__1819__ Test 130 65836 131116 981 405 2
__1820__ Test 130 58412 133932 981 405 2
__1821__ Test 130 58412 135340 981 405 2
__1822__ Test 130 80684 131116 981 405 2
__1823__ Test 130 84396 131116 981 405 2
__1824__ Test 130 80684 132524 981 405 2
__1825__ Test 130 84396 132524 981 405 2
__1826__ Test 130 80684 133932 981 405 2
__1827__ Test 130 84396 133932 981 405 2
__1828__ Test 130 80684 135340 981 405 2
__1829__ Test 130 84396 135340 981 405 2
__1830__ Test 130 79964 137948 1049 1209 2
__1831__ Test 130 83612 137948 1049 1209 2
__1832__ Test 130 79964 142236 1049 1209 2
__1833__ Test 130 83612 142236 1049 1209 2
__1834__ Test 130 76316 146524 1049 1209 2
__1835__ Test 130 72668 150812 1049 1209 2
__1836__ Test 130 76316 150812 1049 1209 2
__1837__ Test 130 79964 146524 1049 1209 2
__1838__ Test 130 43532 156108 797 589 2
__1839__ Test 130 40652 158156 797 589 2
__1840__ Test 130 43532 158156 797 589 2
__1841__ Test 130 46412 158156 797 589 2
__1842__ Test 130 40652 160204 797 589 2
__1843__ Test 130 43532 160204 797 589 2
__1844__ Test 130 46412 160204 797 589 2
__1845__ Test 130 49292 160204 797 589 2
__1846__ Test 130 46412 162252 797 589 2
__1847__ Test 130 49292 162252 797 589 2
__1848__ Test 130 49536 163456 736 1408 2
__1849__ Test 130 52096 163456 736 1408 2
__1850__ Test 130 49536 168704 736 1408 2
__1851__ Test 130 52096 168704 736 1408 2
__1852__ Test 130 29684 170740 1283 515 2
__1853__ Test 130 34548 170740 1283 515 2
__1854__ Test 130 29684 172532 1283 515 2
__1855__ Test 130 34548 172532 1283 515 2
__1856__ Test 130 39412 172532 1283 515 2
__1857__ Test 130 44276 172532 1283 515 2
__1858__ Test 130 34548 174324 1283 515 2
__1859__ Test 130 39412 174324 1283 515 2
__1860__ Test 130 44276 174324 1283 515 2
__1861__ Test 130 44276 176116 1283 515 2
