__0__ Tumor 1 84800 0 560 368 2
__1__ Tumor 1 92032 0 1056 736 2
__2__ Tumor 1 0 360 294 550 2
__3__ Tumor 1 84228 10180 607 607 2
__4__ Tumor 1 82116 12292 607 607 2
__5__ Tumor 1 84228 12292 607 607 2
__6__ Tumor 1 86340 10180 607 607 2
__7__ Tumor 1 86340 12292 607 607 2
__8__ Tumor 1 88452 12292 607 607 2
__9__ Tumor 1 84228 14404 607 607 2
__10__ Tumor 1 84228 16516 607 607 2
__11__ Tumor 1 86340 14404 607 607 2
__12__ Tumor 1 12824 10712 602 570 2
__13__ Tumor 1 10712 12696 602 570 2
__14__ Tumor 1 12824 12696 602 570 2
__15__ Tumor 1 14936 10712 602 570 2
__16__ Tumor 1 14936 12696 602 570 2
__17__ Tumor 1 17048 12696 602 570 2
__18__ Tumor 1 10712 14680 602 570 2
__19__ Tumor 1 12824 14680 602 570 2
__20__ Tumor 1 14936 14680 602 570 2
__21__ Tumor 1 17048 14680 602 570 2
__22__ Tumor 1 14936 16664 602 570 2
__23__ Tumor 1 30544 65968 828 1156 2
__24__ Tumor 1 33424 65968 828 1156 2
__25__ Tumor 1 36304 61776 828 1156 2
__26__ Tumor 1 36304 65968 828 1156 2
__27__ Tumor 1 39184 65968 828 1156 2
__28__ Tumor 1 36304 70160 828 1156 2
__29__ Tumor 1 39184 70160 828 1156 2
__30__ Tumor 1 36304 74352 828 1156 2
__31__ Tumor 1 39184 74352 828 1156 2
__32__ Tumor 1 42064 74352 828 1156 2
__33__ Tumor 1 44944 74352 828 1156 2
__34__ Tumor 1 30544 78544 828 1156 2
__35__ Tumor 1 33424 78544 828 1156 2
__36__ Tumor 1 30544 82736 828 1156 2
__37__ Tumor 1 36304 78544 828 1156 2
__38__ Tumor 1 39184 78544 828 1156 2
__39__ Tumor 1 30544 86928 828 1156 2
__40__ Tumor 1 42064 78544 828 1156 2
__41__ Tumor 1 44944 78544 828 1156 2
__42__ Tumor 1 44944 82736 828 1156 2
__43__ Tumor 1 47824 78544 828 1156 2
__44__ Tumor 1 47824 82736 828 1156 2
__45__ Tumor 1 50704 82736 828 1156 2
__46__ Tumor 1 47824 86928 828 1156 2
__47__ Tumor 1 47824 91120 828 1156 2
__48__ Tumor 1 26100 70644 515 707 2
__49__ Tumor 1 27892 70644 515 707 2
__50__ Tumor 1 26100 73204 515 707 2
__51__ Tumor 1 27892 73204 515 707 2
__52__ Tumor 1 10912 78784 856 672 2
__53__ Tumor 1 13984 78784 856 672 2
__54__ Tumor 1 17056 78784 856 672 2
__55__ Tumor 1 20128 78784 856 672 2
__56__ Tumor 1 10912 81120 856 672 2
__57__ Tumor 1 13984 81120 856 672 2
__58__ Tumor 1 10912 83456 856 672 2
__59__ Tumor 1 13984 83456 856 672 2
__60__ Tumor 1 17056 81120 856 672 2
__61__ Tumor 1 20128 81120 856 672 2
__62__ Tumor 1 26272 76448 856 672 2
__63__ Tumor 1 23200 78784 856 672 2
__64__ Tumor 1 26272 78784 856 672 2
__65__ Tumor 1 29344 78784 856 672 2
__66__ Tumor 1 23200 81120 856 672 2
__67__ Tumor 1 26272 81120 856 672 2
__68__ Tumor 1 23200 83456 856 672 2
__69__ Tumor 1 26272 83456 856 672 2
__70__ Tumor 1 29344 81120 856 672 2
__71__ Tumor 1 32416 81120 856 672 2
__72__ Tumor 1 29344 83456 856 672 2
__73__ Tumor 1 32416 83456 856 672 2
__74__ Tumor 1 10912 85792 856 672 2
__75__ Tumor 1 13984 85792 856 672 2
__76__ Tumor 1 13984 88128 856 672 2
__77__ Tumor 1 17056 88128 856 672 2
__78__ Tumor 1 13984 90464 856 672 2
__79__ Tumor 1 13984 92800 856 672 2
__80__ Tumor 1 17056 90464 856 672 2
__81__ Tumor 1 20128 90464 856 672 2
__82__ Tumor 1 17056 92800 856 672 2
__83__ Tumor 1 20128 92800 856 672 2
__84__ Tumor 1 23200 85792 856 672 2
__85__ Tumor 1 26272 85792 856 672 2
__86__ Tumor 1 23200 88128 856 672 2
__87__ Tumor 1 26272 88128 856 672 2
__88__ Tumor 1 29344 85792 856 672 2
__89__ Tumor 1 32416 85792 856 672 2
__90__ Tumor 1 29344 88128 856 672 2
__91__ Tumor 1 23200 90464 856 672 2
__92__ Tumor 1 26272 90464 856 672 2
__93__ Tumor 1 23200 92800 856 672 2
__94__ Tumor 1 26272 92800 856 672 2
__95__ Tumor 1 29344 90464 856 672 2
__96__ Tumor 1 42880 108416 736 1408 2
__97__ Tumor 1 40320 113664 736 1408 2
__98__ Tumor 1 38824 111528 662 662 2
__99__ Tumor 1 51424 114784 904 800 2
__100__ Tumor 1 51424 117568 904 800 2
__101__ Tumor 1 54624 114784 904 800 2
__102__ Tumor 1 57824 114784 904 800 2
__103__ Tumor 1 54624 117568 904 800 2
__104__ Tumor 1 57824 117568 904 800 2
__105__ Tumor 1 54624 120352 904 800 2
__106__ Tumor 1 57824 120352 904 800 2
__107__ Tumor 1 54624 123136 904 800 2
__108__ Tumor 1 57824 123136 904 800 2
__109__ Tumor 1 61024 117568 904 800 2
__110__ Tumor 1 61024 120352 904 800 2
__111__ Tumor 1 64224 120352 904 800 2
__112__ Tumor 1 61024 123136 904 800 2
__113__ Tumor 1 64224 123136 904 800 2
__114__ Tumor 1 67424 120352 904 800 2
__115__ Tumor 1 67424 123136 904 800 2
__116__ Tumor 1 70624 123136 904 800 2
__117__ Tumor 1 48224 125920 904 800 2
__118__ Tumor 1 51424 125920 904 800 2
__119__ Tumor 1 48224 128704 904 800 2
__120__ Tumor 1 51424 128704 904 800 2
__121__ Tumor 1 57824 125920 904 800 2
__122__ Tumor 1 48224 131488 904 800 2
__123__ Tumor 1 51424 131488 904 800 2
__124__ Tumor 1 48224 134272 904 800 2
__125__ Tumor 1 51424 134272 904 800 2
__126__ Tumor 1 54624 131488 904 800 2
__127__ Tumor 1 61024 125920 904 800 2
__128__ Tumor 1 64224 125920 904 800 2
__129__ Tumor 1 61024 128704 904 800 2
__130__ Tumor 1 64224 128704 904 800 2
__131__ Tumor 1 67424 125920 904 800 2
__132__ Tumor 1 70624 125920 904 800 2
__133__ Tumor 1 67424 128704 904 800 2
__134__ Tumor 1 70624 128704 904 800 2
__135__ Tumor 1 61024 131488 904 800 2
__136__ Tumor 1 64224 131488 904 800 2
__137__ Tumor 1 64224 134272 904 800 2
__138__ Tumor 1 67424 131488 904 800 2
__139__ Tumor 1 67424 134272 904 800 2
__140__ Tumor 1 27992 115544 874 810 2
__141__ Tumor 1 25036 117196 781 589 2
__142__ Tumor 1 22220 119244 781 589 2
__143__ Tumor 1 3324 126332 865 897 2
__144__ Tumor 1 6332 123196 865 897 2
__145__ Tumor 1 6332 126332 865 897 2
__146__ Tumor 1 316 129468 865 897 2
__147__ Tumor 1 3324 129468 865 897 2
__148__ Tumor 1 316 132604 865 897 2
__149__ Tumor 1 3324 132604 865 897 2
__150__ Tumor 1 6332 129468 865 897 2
__151__ Tumor 1 9340 129468 865 897 2
__152__ Tumor 1 6332 132604 865 897 2
__153__ Tumor 1 49628 125596 681 841 2
__154__ Tumor 1 47260 128604 681 841 2
__155__ Tumor 1 49628 128604 681 841 2
__156__ Tumor 1 51996 128604 681 841 2
__157__ Tumor 1 49628 131612 681 841 2
__158__ Tumor 1 49628 134620 681 841 2
__159__ Tumor 1 51996 131612 681 841 2
__160__ Tumor 1 54364 131612 681 841 2
__161__ Tumor 1 51996 134620 681 841 2
__162__ Tumor 1 4044 158924 589 717 2
__163__ Tumor 1 3316 160500 675 515 2
__164__ Tumor 1 5748 160500 675 515 2
__165__ Tumor 1 3316 162292 675 515 2
__166__ Tumor 1 5748 162292 675 515 2
__167__ Tumor 1 8180 160500 675 515 2
__168__ Tumor 1 10612 160500 675 515 2
__169__ Tumor 1 8180 162292 675 515 2
__170__ Tumor 1 10612 162292 675 515 2
__171__ Tumor 1 3316 164084 675 515 2
__172__ Tumor 1 5748 164084 675 515 2
__173__ Tumor 1 3316 165876 675 515 2
__174__ Tumor 1 5748 165876 675 515 2
__175__ Tumor 1 8180 164084 675 515 2
__176__ Tumor 1 10612 164084 675 515 2
__177__ Tumor 1 8180 165876 675 515 2
__178__ Tumor 1 10612 165876 675 515 2
__179__ Tumor 1 4008 168360 662 854 2
__180__ Tumor 1 6312 168360 662 854 2
__181__ Tumor 1 4008 171432 662 854 2
__182__ Tumor 1 6312 171432 662 854 2
__183__ Tumor 1 4556 191180 589 653 2
__184__ Tumor 2 29072 89136 1020 892 2
__185__ Tumor 2 25456 92240 1020 892 2
__186__ Tumor 2 29072 92240 1020 892 2
__187__ Tumor 2 21840 98448 1020 892 2
__188__ Tumor 2 25456 95344 1020 892 2
__189__ Tumor 2 29072 95344 1020 892 2
__190__ Tumor 2 25456 98448 1020 892 2
__191__ Tumor 2 32688 89136 1020 892 2
__192__ Tumor 2 32688 92240 1020 892 2
__193__ Tumor 2 36304 92240 1020 892 2
__194__ Tumor 2 39920 92240 1020 892 2
__195__ Tumor 2 36304 95344 1020 892 2
__196__ Tumor 2 39920 95344 1020 892 2
__197__ Tumor 2 39920 98448 1020 892 2
__198__ Tumor 2 43536 98448 1020 892 2
__199__ Tumor 2 21840 101552 1020 892 2
__200__ Tumor 2 21840 104656 1020 892 2
__201__ Tumor 2 25456 101552 1020 892 2
__202__ Tumor 2 18224 107760 1020 892 2
__203__ Tumor 2 21840 107760 1020 892 2
__204__ Tumor 2 18224 110864 1020 892 2
__205__ Tumor 2 21840 110864 1020 892 2
__206__ Tumor 2 39920 101552 1020 892 2
__207__ Tumor 2 43536 101552 1020 892 2
__208__ Tumor 2 39920 104656 1020 892 2
__209__ Tumor 2 36304 110864 1020 892 2
__210__ Tumor 2 39920 107760 1020 892 2
__211__ Tumor 2 39920 110864 1020 892 2
__212__ Tumor 2 34224 111984 660 644 2
__213__ Tumor 2 38832 109744 660 644 2
__214__ Tumor 2 38832 111984 660 644 2
__215__ Tumor 2 41136 111984 660 644 2
__216__ Tumor 2 34224 114224 660 644 2
__217__ Tumor 2 36528 114224 660 644 2
__218__ Tumor 2 36528 116464 660 644 2
__219__ Tumor 2 38832 114224 660 644 2
__220__ Tumor 2 41136 114224 660 644 2
__221__ Tumor 2 38832 116464 660 644 2
__222__ Tumor 2 62956 110188 773 1109 2
__223__ Tumor 2 62956 114220 773 1109 2
__224__ Tumor 2 65644 110188 773 1109 2
__225__ Tumor 2 65644 114220 773 1109 2
__226__ Tumor 2 62956 118252 773 1109 2
__227__ Tumor 2 65644 118252 773 1109 2
__228__ Tumor 2 68332 118252 773 1109 2
__229__ Tumor 2 42232 138744 1090 994 2
__230__ Tumor 2 42232 142200 1090 994 2
__231__ Tumor 2 46072 142200 1090 994 2
__232__ Tumor 2 42232 145656 1090 994 2
__233__ Tumor 2 46072 145656 1090 994 2
__234__ Tumor 2 49912 145656 1090 994 2
__235__ Tumor 2 46072 149112 1090 994 2
__236__ Tumor 2 49912 149112 1090 994 2
__237__ Tumor 3 84600 0 1442 258 2
__238__ Tumor 3 90232 0 1442 258 2
__239__ Tumor 3 84600 760 1442 258 2
__240__ Tumor 3 90232 760 1442 258 2
__241__ Tumor 3 1432 152 3466 202 2
__242__ Tumor 3 15192 152 3466 202 2
__243__ Tumor 3 1432 856 3466 202 2
__244__ Tumor 3 15192 856 3466 202 2
__245__ Tumor 3 28952 152 3466 202 2
__246__ Tumor 3 42712 152 3466 202 2
__247__ Tumor 3 28952 856 3466 202 2
__248__ Tumor 3 42712 856 3466 202 2
__249__ Tumor 3 1432 1560 3466 202 2
__250__ Tumor 3 15192 1560 3466 202 2
__251__ Tumor 3 1432 2264 3466 202 2
__252__ Tumor 3 15192 2264 3466 202 2
__253__ Tumor 3 28952 1560 3466 202 2
__254__ Tumor 3 42712 1560 3466 202 2
__255__ Tumor 3 28952 2264 3466 202 2
__256__ Tumor 3 80320 12480 1168 1104 2
__257__ Tumor 3 80320 16320 1168 1104 2
__258__ Tumor 3 84416 16320 1168 1104 2
__259__ Tumor 3 11020 13260 605 589 2
__260__ Tumor 3 8908 15308 605 589 2
__261__ Tumor 3 11020 15308 605 589 2
__262__ Tumor 3 13132 13260 605 589 2
__263__ Tumor 3 13132 15308 605 589 2
__264__ Tumor 3 15244 15308 605 589 2
__265__ Tumor 3 8908 17356 605 589 2
__266__ Tumor 3 11020 17356 605 589 2
__267__ Tumor 3 13132 17356 605 589 2
__268__ Tumor 3 15244 17356 605 589 2
__269__ Tumor 3 13132 19404 605 589 2
__270__ Tumor 3 90200 37464 810 1034 2
__271__ Tumor 3 93016 41176 810 1034 2
__272__ Tumor 3 39584 110848 920 944 2
__273__ Tumor 3 42784 107552 920 944 2
__274__ Tumor 3 45984 107552 920 944 2
__275__ Tumor 3 42784 110848 920 944 2
__276__ Tumor 3 45984 110848 920 944 2
__277__ Tumor 3 36384 114144 920 944 2
__278__ Tumor 3 39584 114144 920 944 2
__279__ Tumor 3 36384 117440 920 944 2
__280__ Tumor 3 42784 114144 920 944 2
__281__ Tumor 3 45984 114144 920 944 2
__282__ Tumor 3 45984 117440 920 944 2
__283__ Tumor 3 49184 110848 920 944 2
__284__ Tumor 3 52384 110848 920 944 2
__285__ Tumor 3 49184 114144 920 944 2
__286__ Tumor 3 52384 114144 920 944 2
__287__ Tumor 3 49184 117440 920 944 2
__288__ Tumor 3 52384 117440 920 944 2
__289__ Tumor 3 55584 114144 920 944 2
__290__ Tumor 3 55584 117440 920 944 2
__291__ Tumor 3 36384 120736 920 944 2
__292__ Tumor 3 39584 120736 920 944 2
__293__ Tumor 3 39584 124032 920 944 2
__294__ Tumor 3 39584 127328 920 944 2
__295__ Tumor 3 42784 127328 920 944 2
__296__ Tumor 3 42784 130624 920 944 2
__297__ Tumor 3 52384 120736 920 944 2
__298__ Tumor 3 65144 131800 1234 938 2
__299__ Tumor 3 69592 131800 1234 938 2
__300__ Tumor 3 74040 131800 1234 938 2
__301__ Tumor 3 65144 135064 1234 938 2
__302__ Tumor 3 60696 138328 1234 938 2
__303__ Tumor 3 65144 138328 1234 938 2
__304__ Tumor 3 69592 135064 1234 938 2
__305__ Tumor 3 74040 135064 1234 938 2
__306__ Tumor 3 69592 138328 1234 938 2
__307__ Tumor 3 74040 138328 1234 938 2
__308__ Tumor 3 78488 131800 1234 938 2
__309__ Tumor 3 82936 131800 1234 938 2
__310__ Tumor 3 78488 135064 1234 938 2
__311__ Tumor 3 82936 135064 1234 938 2
__312__ Tumor 3 78488 138328 1234 938 2
__313__ Tumor 3 82936 138328 1234 938 2
__314__ Tumor 3 87384 135064 1234 938 2
__315__ Tumor 3 87384 138328 1234 938 2
__316__ Tumor 3 60696 141592 1234 938 2
__317__ Tumor 3 65144 141592 1234 938 2
__318__ Tumor 3 65144 144856 1234 938 2
__319__ Tumor 3 69592 141592 1234 938 2
__320__ Tumor 3 74040 141592 1234 938 2
__321__ Tumor 3 69592 144856 1234 938 2
__322__ Tumor 3 74040 144856 1234 938 2
__323__ Tumor 3 74040 148120 1234 938 2
__324__ Tumor 3 78488 141592 1234 938 2
__325__ Tumor 3 82936 141592 1234 938 2
__326__ Tumor 3 78488 144856 1234 938 2
__327__ Tumor 3 82936 144856 1234 938 2
__328__ Tumor 3 87384 141592 1234 938 2
__329__ Tumor 3 91832 141592 1234 938 2
__330__ Tumor 3 87384 144856 1234 938 2
__331__ Tumor 3 91832 144856 1234 938 2
__332__ Tumor 3 78488 148120 1234 938 2
__333__ Tumor 3 82936 148120 1234 938 2
__334__ Tumor 3 78488 151384 1234 938 2
__335__ Tumor 3 82936 151384 1234 938 2
__336__ Tumor 3 87384 148120 1234 938 2
__337__ Tumor 3 91832 148120 1234 938 2
__338__ Tumor 3 87384 151384 1234 938 2
__339__ Tumor 3 28924 140604 865 881 2
__340__ Tumor 3 25916 143676 865 881 2
__341__ Tumor 3 28924 143676 865 881 2
__342__ Tumor 3 31932 140604 865 881 2
__343__ Tumor 3 31932 143676 865 881 2
__344__ Tumor 3 34940 143676 865 881 2
__345__ Tumor 3 25916 146748 865 881 2
__346__ Tumor 3 28924 146748 865 881 2
__347__ Tumor 3 28924 149820 865 881 2
__348__ Tumor 3 31932 146748 865 881 2
__349__ Tumor 3 34940 146748 865 881 2
__350__ Tumor 3 31932 149820 865 881 2
__351__ Tumor 3 34940 149820 865 881 2
__352__ Tumor 3 33112 150872 810 1002 2
__353__ Tumor 3 72752 166064 644 884 2
__354__ Tumor 3 72752 169264 644 884 2
__355__ Tumor 3 74992 169264 644 884 2
__356__ Tumor 3 70512 172464 644 884 2
__357__ Tumor 3 68272 175664 644 884 2
__358__ Tumor 3 70512 175664 644 884 2
__359__ Tumor 3 72752 172464 644 884 2
__360__ Tumor 4 27156 89332 699 1459 2
__361__ Tumor 4 32020 83860 699 1459 2
__362__ Tumor 4 29588 89332 699 1459 2
__363__ Tumor 4 32020 89332 699 1459 2
__364__ Tumor 4 27156 94804 699 1459 2
__365__ Tumor 4 27156 100276 699 1459 2
__366__ Tumor 4 29588 94804 699 1459 2
__367__ Tumor 4 32020 94804 699 1459 2
__368__ Tumor 4 29588 100276 699 1459 2
__369__ Tumor 4 32020 100276 699 1459 2
__370__ Tumor 4 34452 89332 699 1459 2
__371__ Tumor 4 41748 89332 699 1459 2
__372__ Tumor 4 34452 94804 699 1459 2
__373__ Tumor 4 36884 94804 699 1459 2
__374__ Tumor 4 34452 100276 699 1459 2
__375__ Tumor 4 36884 100276 699 1459 2
__376__ Tumor 4 39316 94804 699 1459 2
__377__ Tumor 4 39316 100276 699 1459 2
__378__ Tumor 4 24724 105748 699 1459 2
__379__ Tumor 4 27156 105748 699 1459 2
__380__ Tumor 4 24724 111220 699 1459 2
__381__ Tumor 4 27156 111220 699 1459 2
__382__ Tumor 4 29588 105748 699 1459 2
__383__ Tumor 4 32020 105748 699 1459 2
__384__ Tumor 4 29588 111220 699 1459 2
__385__ Tumor 4 32020 111220 699 1459 2
__386__ Tumor 4 27156 116692 699 1459 2
__387__ Tumor 4 29588 116692 699 1459 2
__388__ Tumor 4 32020 116692 699 1459 2
__389__ Tumor 4 34452 105748 699 1459 2
__390__ Tumor 4 36884 105748 699 1459 2
__391__ Tumor 4 34452 111220 699 1459 2
__392__ Tumor 4 36884 111220 699 1459 2
__393__ Tumor 4 39316 105748 699 1459 2
__394__ Tumor 4 39316 111220 699 1459 2
__395__ Tumor 4 34452 116692 699 1459 2
__396__ Tumor 4 36884 116692 699 1459 2
__397__ Tumor 4 34452 122164 699 1459 2
__398__ Tumor 4 36884 122164 699 1459 2
__399__ Tumor 4 39316 116692 699 1459 2
__400__ Tumor 4 41748 116692 699 1459 2
__401__ Tumor 4 39316 122164 699 1459 2
__402__ Tumor 4 41164 90572 589 781 2
__403__ Tumor 4 43212 93388 589 781 2
__404__ Tumor 4 69892 97988 607 639 2
__405__ Tumor 4 69892 100228 607 639 2
__406__ Tumor 4 72004 100228 607 639 2
__407__ Tumor 4 67780 102468 607 639 2
__408__ Tumor 4 69892 102468 607 639 2
__409__ Tumor 4 67780 104708 607 639 2
__410__ Tumor 4 69892 104708 607 639 2
__411__ Tumor 4 72004 102468 607 639 2
__412__ Tumor 4 72004 104708 607 639 2
__413__ Tumor 4 45044 123636 515 643 2
__414__ Tumor 4 43252 125940 515 643 2
__415__ Tumor 4 45044 125940 515 643 2
__416__ Tumor 4 65432 143752 506 846 2
__417__ Tumor 4 68952 137512 506 846 2
__418__ Tumor 4 70712 134392 506 846 2
__419__ Tumor 4 72472 134392 506 846 2
__420__ Tumor 4 70712 137512 506 846 2
__421__ Tumor 4 72472 137512 506 846 2
__422__ Tumor 4 67192 140632 506 846 2
__423__ Tumor 4 68952 140632 506 846 2
__424__ Tumor 4 67192 143752 506 846 2
__425__ Tumor 4 68952 143752 506 846 2
__426__ Tumor 4 70712 140632 506 846 2
__427__ Tumor 4 72472 140632 506 846 2
__428__ Tumor 4 70712 143752 506 846 2
__429__ Tumor 4 72472 143752 506 846 2
__430__ Tumor 4 60152 149992 506 846 2
__431__ Tumor 4 61912 149992 506 846 2
__432__ Tumor 4 63672 146872 506 846 2
__433__ Tumor 4 65432 146872 506 846 2
__434__ Tumor 4 63672 149992 506 846 2
__435__ Tumor 4 65432 149992 506 846 2
__436__ Tumor 4 60152 153112 506 846 2
__437__ Tumor 4 61912 153112 506 846 2
__438__ Tumor 4 60152 156232 506 846 2
__439__ Tumor 4 61912 156232 506 846 2
__440__ Tumor 4 63672 153112 506 846 2
__441__ Tumor 4 65432 153112 506 846 2
__442__ Tumor 4 63672 156232 506 846 2
__443__ Tumor 4 65432 156232 506 846 2
__444__ Tumor 4 67192 146872 506 846 2
__445__ Tumor 4 68952 146872 506 846 2
__446__ Tumor 4 67192 149992 506 846 2
__447__ Tumor 4 68952 149992 506 846 2
__448__ Tumor 4 70712 146872 506 846 2
__449__ Tumor 4 72472 146872 506 846 2
__450__ Tumor 4 70712 149992 506 846 2
__451__ Tumor 4 72472 149992 506 846 2
__452__ Tumor 4 67192 153112 506 846 2
__453__ Tumor 4 68952 153112 506 846 2
__454__ Tumor 4 67192 156232 506 846 2
__455__ Tumor 4 68952 156232 506 846 2
__456__ Tumor 4 70712 153112 506 846 2
__457__ Tumor 4 72472 153112 506 846 2
__458__ Tumor 4 70712 156232 506 846 2
__459__ Tumor 4 72472 156232 506 846 2
__460__ Tumor 4 74232 134392 506 846 2
__461__ Tumor 4 75992 134392 506 846 2
__462__ Tumor 4 74232 137512 506 846 2
__463__ Tumor 4 75992 137512 506 846 2
__464__ Tumor 4 77752 137512 506 846 2
__465__ Tumor 4 79512 137512 506 846 2
__466__ Tumor 4 74232 140632 506 846 2
__467__ Tumor 4 75992 140632 506 846 2
__468__ Tumor 4 74232 143752 506 846 2
__469__ Tumor 4 75992 143752 506 846 2
__470__ Tumor 4 77752 140632 506 846 2
__471__ Tumor 4 79512 140632 506 846 2
__472__ Tumor 4 77752 143752 506 846 2
__473__ Tumor 4 79512 143752 506 846 2
__474__ Tumor 4 74232 146872 506 846 2
__475__ Tumor 4 75992 146872 506 846 2
__476__ Tumor 4 74232 149992 506 846 2
__477__ Tumor 4 75992 149992 506 846 2
__478__ Tumor 4 77752 146872 506 846 2
__479__ Tumor 4 77752 149992 506 846 2
__480__ Tumor 4 74232 153112 506 846 2
__481__ Tumor 4 75992 153112 506 846 2
__482__ Tumor 4 74232 156232 506 846 2
__483__ Tumor 4 75992 156232 506 846 2
__484__ Tumor 4 77752 153112 506 846 2
__485__ Tumor 4 77752 156232 506 846 2
__486__ Tumor 4 79512 156232 506 846 2
__487__ Tumor 4 81272 156232 506 846 2
__488__ Tumor 4 61912 159352 506 846 2
__489__ Tumor 4 61912 162472 506 846 2
__490__ Tumor 4 63672 159352 506 846 2
__491__ Tumor 4 65432 159352 506 846 2
__492__ Tumor 4 63672 162472 506 846 2
__493__ Tumor 4 65432 162472 506 846 2
__494__ Tumor 4 63672 165592 506 846 2
__495__ Tumor 4 65432 165592 506 846 2
__496__ Tumor 4 63672 168712 506 846 2
__497__ Tumor 4 65432 168712 506 846 2
__498__ Tumor 4 67192 159352 506 846 2
__499__ Tumor 4 68952 159352 506 846 2
__500__ Tumor 4 67192 162472 506 846 2
__501__ Tumor 4 68952 162472 506 846 2
__502__ Tumor 4 70712 159352 506 846 2
__503__ Tumor 4 72472 159352 506 846 2
__504__ Tumor 4 70712 162472 506 846 2
__505__ Tumor 4 72472 162472 506 846 2
__506__ Tumor 4 67192 165592 506 846 2
__507__ Tumor 4 68952 165592 506 846 2
__508__ Tumor 4 67192 168712 506 846 2
__509__ Tumor 4 68952 168712 506 846 2
__510__ Tumor 4 70712 165592 506 846 2
__511__ Tumor 4 72472 165592 506 846 2
__512__ Tumor 4 70712 168712 506 846 2
__513__ Tumor 4 72472 168712 506 846 2
__514__ Tumor 4 63672 171832 506 846 2
__515__ Tumor 4 65432 171832 506 846 2
__516__ Tumor 4 65432 174952 506 846 2
__517__ Tumor 4 67192 171832 506 846 2
__518__ Tumor 4 67192 174952 506 846 2
__519__ Tumor 4 68952 174952 506 846 2
__520__ Tumor 4 70712 171832 506 846 2
__521__ Tumor 4 72472 171832 506 846 2
__522__ Tumor 4 70712 174952 506 846 2
__523__ Tumor 4 72472 174952 506 846 2
__524__ Tumor 4 67192 178072 506 846 2
__525__ Tumor 4 68952 178072 506 846 2
__526__ Tumor 4 68952 181192 506 846 2
__527__ Tumor 4 70712 181192 506 846 2
__528__ Tumor 4 74232 159352 506 846 2
__529__ Tumor 4 75992 159352 506 846 2
__530__ Tumor 4 74232 162472 506 846 2
__531__ Tumor 4 75992 162472 506 846 2
__532__ Tumor 4 77752 159352 506 846 2
__533__ Tumor 4 79512 159352 506 846 2
__534__ Tumor 4 77752 162472 506 846 2
__535__ Tumor 4 79512 162472 506 846 2
__536__ Tumor 4 74232 165592 506 846 2
__537__ Tumor 4 75992 165592 506 846 2
__538__ Tumor 4 74232 168712 506 846 2
__539__ Tumor 4 77752 165592 506 846 2
__540__ Tumor 4 79512 165592 506 846 2
__541__ Tumor 4 81272 159352 506 846 2
__542__ Tumor 4 81272 162472 506 846 2
__543__ Tumor 4 81272 165592 506 846 2
__544__ Tumor 4 83032 165592 506 846 2
__545__ Tumor 4 83032 168712 506 846 2
__546__ Tumor 4 84792 168712 506 846 2
__547__ Tumor 4 74232 174952 506 846 2
__548__ Tumor 4 83032 171832 506 846 2
__549__ Tumor 4 84792 171832 506 846 2
__550__ Tumor 4 84792 174952 506 846 2
__551__ Tumor 4 26880 151536 520 708 2
__552__ Tumor 4 26880 154096 520 708 2
__553__ Tumor 4 25072 156656 520 708 2
__554__ Tumor 4 26880 156656 520 708 2
__555__ Tumor 4 26880 159216 520 708 2
__556__ Tumor 4 26880 161776 520 708 2
__557__ Tumor 4 28688 161776 520 708 2
__558__ Tumor 4 26880 164336 520 708 2
__559__ Tumor 4 28688 164336 520 708 2
__560__ Tumor 4 30496 164336 520 708 2
__561__ Tumor 4 28688 166896 520 708 2
__562__ Tumor 4 30496 166896 520 708 2
__563__ Tumor 4 32304 166896 520 708 2
__564__ Tumor 4 34112 166896 520 708 2
__565__ Tumor 4 35920 166896 520 708 2
__566__ Tumor 4 37728 166896 520 708 2
__567__ Tumor 4 44960 148976 520 708 2
__568__ Tumor 4 44960 151536 520 708 2
__569__ Tumor 4 44960 154096 520 708 2
__570__ Tumor 4 44960 156656 520 708 2
__571__ Tumor 4 46768 148976 520 708 2
__572__ Tumor 4 46768 151536 520 708 2
__573__ Tumor 4 46768 154096 520 708 2
__574__ Tumor 4 48576 154096 520 708 2
__575__ Tumor 4 46768 156656 520 708 2
__576__ Tumor 4 48576 156656 520 708 2
__577__ Tumor 4 50384 156656 520 708 2
__578__ Tumor 4 44960 159216 520 708 2
__579__ Tumor 4 43152 161776 520 708 2
__580__ Tumor 4 44960 161776 520 708 2
__581__ Tumor 4 43152 164336 520 708 2
__582__ Tumor 4 44960 164336 520 708 2
__583__ Tumor 4 43152 166896 520 708 2
__584__ Tumor 4 44960 166896 520 708 2
__585__ Tumor 4 46768 159216 520 708 2
__586__ Tumor 4 48576 159216 520 708 2
__587__ Tumor 4 46768 161776 520 708 2
__588__ Tumor 4 48576 161776 520 708 2
__589__ Tumor 4 50384 159216 520 708 2
__590__ Tumor 4 52192 159216 520 708 2
__591__ Tumor 4 50384 161776 520 708 2
__592__ Tumor 4 52192 161776 520 708 2
__593__ Tumor 4 46768 164336 520 708 2
__594__ Tumor 4 48576 164336 520 708 2
__595__ Tumor 4 46768 166896 520 708 2
__596__ Tumor 4 48576 166896 520 708 2
__597__ Tumor 4 50384 164336 520 708 2
__598__ Tumor 4 52192 164336 520 708 2
__599__ Tumor 4 50384 166896 520 708 2
__600__ Tumor 4 52192 166896 520 708 2
__601__ Tumor 4 28688 169456 520 708 2
__602__ Tumor 4 30496 169456 520 708 2
__603__ Tumor 4 30496 172016 520 708 2
__604__ Tumor 4 30496 177136 520 708 2
__605__ Tumor 4 32304 169456 520 708 2
__606__ Tumor 4 34112 169456 520 708 2
__607__ Tumor 4 32304 172016 520 708 2
__608__ Tumor 4 34112 172016 520 708 2
__609__ Tumor 4 35920 169456 520 708 2
__610__ Tumor 4 35920 172016 520 708 2
__611__ Tumor 4 32304 174576 520 708 2
__612__ Tumor 4 34112 174576 520 708 2
__613__ Tumor 4 32304 177136 520 708 2
__614__ Tumor 4 34112 177136 520 708 2
__615__ Tumor 4 37728 174576 520 708 2
__616__ Tumor 4 35920 177136 520 708 2
__617__ Tumor 4 37728 177136 520 708 2
__618__ Tumor 4 30496 179696 520 708 2
__619__ Tumor 4 32304 179696 520 708 2
__620__ Tumor 4 34112 179696 520 708 2
__621__ Tumor 4 32304 182256 520 708 2
__622__ Tumor 4 34112 182256 520 708 2
__623__ Tumor 4 35920 179696 520 708 2
__624__ Tumor 4 37728 179696 520 708 2
__625__ Tumor 4 35920 182256 520 708 2
__626__ Tumor 4 37728 182256 520 708 2
__627__ Tumor 4 35920 184816 520 708 2
__628__ Tumor 4 37728 184816 520 708 2
__629__ Tumor 4 37728 187376 520 708 2
__630__ Tumor 4 43152 169456 520 708 2
__631__ Tumor 4 44960 169456 520 708 2
__632__ Tumor 4 43152 172016 520 708 2
__633__ Tumor 4 44960 172016 520 708 2
__634__ Tumor 4 39536 174576 520 708 2
__635__ Tumor 4 41344 174576 520 708 2
__636__ Tumor 4 39536 177136 520 708 2
__637__ Tumor 4 41344 177136 520 708 2
__638__ Tumor 4 43152 174576 520 708 2
__639__ Tumor 4 44960 174576 520 708 2
__640__ Tumor 4 43152 177136 520 708 2
__641__ Tumor 4 44960 177136 520 708 2
__642__ Tumor 4 46768 169456 520 708 2
__643__ Tumor 4 48576 169456 520 708 2
__644__ Tumor 4 46768 172016 520 708 2
__645__ Tumor 4 48576 172016 520 708 2
__646__ Tumor 4 50384 169456 520 708 2
__647__ Tumor 4 52192 169456 520 708 2
__648__ Tumor 4 50384 172016 520 708 2
__649__ Tumor 4 52192 172016 520 708 2
__650__ Tumor 4 46768 174576 520 708 2
__651__ Tumor 4 48576 174576 520 708 2
__652__ Tumor 4 46768 177136 520 708 2
__653__ Tumor 4 48576 177136 520 708 2
__654__ Tumor 4 50384 174576 520 708 2
__655__ Tumor 4 50384 177136 520 708 2
__656__ Tumor 4 39536 179696 520 708 2
__657__ Tumor 4 41344 179696 520 708 2
__658__ Tumor 4 39536 182256 520 708 2
__659__ Tumor 4 41344 182256 520 708 2
__660__ Tumor 4 43152 179696 520 708 2
__661__ Tumor 4 44960 179696 520 708 2
__662__ Tumor 4 43152 182256 520 708 2
__663__ Tumor 4 44960 182256 520 708 2
__664__ Tumor 4 39536 184816 520 708 2
__665__ Tumor 4 41344 184816 520 708 2
__666__ Tumor 4 39536 187376 520 708 2
__667__ Tumor 4 41344 187376 520 708 2
__668__ Tumor 4 43152 184816 520 708 2
__669__ Tumor 4 44960 184816 520 708 2
__670__ Tumor 4 43152 187376 520 708 2
__671__ Tumor 4 44960 187376 520 708 2
__672__ Tumor 4 46768 179696 520 708 2
__673__ Tumor 4 48576 179696 520 708 2
__674__ Tumor 4 46768 182256 520 708 2
__675__ Tumor 4 48576 182256 520 708 2
__676__ Tumor 4 50384 179696 520 708 2
__677__ Tumor 4 46768 184816 520 708 2
__678__ Tumor 4 20608 214400 928 736 2
