__0__ Normal 1 0 0 442 762 2
__1__ Normal 1 34816 89312 752 432 2
__2__ Normal 1 34816 90816 752 432 2
__3__ Normal 1 37600 89312 752 432 2
__4__ Normal 1 40384 89312 752 432 2
__5__ Normal 1 37600 90816 752 432 2
__6__ Normal 1 40384 90816 752 432 2
__7__ Normal 1 45952 87808 752 432 2
__8__ Normal 1 48736 87808 752 432 2
__9__ Normal 1 51520 87808 752 432 2
__10__ Normal 1 43168 89312 752 432 2
__11__ Normal 1 45952 89312 752 432 2
__12__ Normal 1 43168 90816 752 432 2
__13__ Normal 1 45952 90816 752 432 2
__14__ Normal 1 48736 89312 752 432 2
__15__ Normal 1 51520 89312 752 432 2
__16__ Normal 1 48736 90816 752 432 2
__17__ Normal 1 51520 90816 752 432 2
__18__ Normal 1 32032 92320 752 432 2
__19__ Normal 1 34816 92320 752 432 2
__20__ Normal 1 32032 93824 752 432 2
__21__ Normal 1 34816 93824 752 432 2
__22__ Normal 1 37600 92320 752 432 2
__23__ Normal 1 40384 92320 752 432 2
__24__ Normal 1 37600 93824 752 432 2
__25__ Normal 1 40384 93824 752 432 2
__26__ Normal 1 32032 95328 752 432 2
__27__ Normal 1 34816 95328 752 432 2
__28__ Normal 1 32032 96832 752 432 2
__29__ Normal 1 43168 92320 752 432 2
__30__ Normal 1 45952 92320 752 432 2
__31__ Normal 1 43168 93824 752 432 2
__32__ Normal 1 48736 92320 752 432 2
__33__ Normal 1 61252 103044 543 879 2
__34__ Normal 1 63140 99812 543 879 2
__35__ Normal 1 65028 99812 543 879 2
__36__ Normal 1 63140 103044 543 879 2
__37__ Normal 1 65028 103044 543 879 2
__38__ Normal 1 59364 106276 543 879 2
__39__ Normal 1 61252 106276 543 879 2
__40__ Normal 1 59364 109508 543 879 2
__41__ Normal 1 61252 109508 543 879 2
__42__ Normal 1 63140 106276 543 879 2
__43__ Normal 1 65028 106276 543 879 2
__44__ Normal 1 63140 109508 543 879 2
__45__ Normal 1 65028 109508 543 879 2
__46__ Normal 1 66916 103044 543 879 2
__47__ Normal 1 66916 106276 543 879 2
__48__ Normal 1 66916 109508 543 879 2
__49__ Normal 1 68804 109508 543 879 2
__50__ Normal 1 63140 112740 543 879 2
__51__ Normal 1 65028 112740 543 879 2
__52__ Normal 1 66916 112740 543 879 2
__53__ Normal 1 68804 112740 543 879 2
__54__ Normal 1 66916 115972 543 879 2
__55__ Normal 1 68804 115972 543 879 2
__56__ Normal 1 70692 112740 543 879 2
__57__ Normal 1 72580 112740 543 879 2
__58__ Normal 1 70692 115972 543 879 2
__59__ Normal 1 72580 115972 543 879 2
__60__ Normal 1 66916 119204 543 879 2
__61__ Normal 1 68804 119204 543 879 2
__62__ Normal 1 66916 122436 543 879 2
__63__ Normal 1 68804 122436 543 879 2
__64__ Normal 1 70692 119204 543 879 2
__65__ Normal 1 57036 111052 589 717 2
__66__ Normal 2 68776 146344 726 662 2
__67__ Normal 2 73524 146484 947 883 2
__68__ Normal 2 55244 149196 749 589 2
__69__ Normal 2 57932 149196 749 589 2
__70__ Normal 2 55244 151244 749 589 2
__71__ Normal 2 57932 151244 749 589 2
__72__ Normal 2 60840 153768 726 662 2
__73__ Normal 2 64564 153652 1235 883 2
__74__ Normal 2 69044 153652 1235 883 2
__75__ Normal 2 64564 156724 1235 883 2
__76__ Normal 2 69044 156724 1235 883 2
__77__ Normal 2 75212 157388 589 589 2
__78__ Normal 2 57548 212428 589 589 2
__79__ Normal 2 82088 213160 790 662 2
__80__ Normal 3 17056 55552 672 944 2
__81__ Normal 3 19392 55552 672 944 2
__82__ Normal 3 24064 52128 672 944 2
__83__ Normal 3 21728 55552 672 944 2
__84__ Normal 3 24064 55552 672 944 2
__85__ Normal 3 17056 58976 672 944 2
__86__ Normal 3 19392 58976 672 944 2
__87__ Normal 3 19392 62400 672 944 2
__88__ Normal 3 21728 58976 672 944 2
__89__ Normal 3 24064 58976 672 944 2
__90__ Normal 3 21728 62400 672 944 2
__91__ Normal 3 24064 62400 672 944 2
__92__ Normal 3 26400 52128 672 944 2
__93__ Normal 3 28736 52128 672 944 2
__94__ Normal 3 26400 55552 672 944 2
__95__ Normal 3 28736 55552 672 944 2
__96__ Normal 3 26400 58976 672 944 2
__97__ Normal 3 28736 58976 672 944 2
__98__ Normal 3 26400 62400 672 944 2
__99__ Normal 3 28736 62400 672 944 2
__100__ Normal 3 33408 58976 672 944 2
__101__ Normal 3 31072 62400 672 944 2
__102__ Normal 3 19392 65824 672 944 2
__103__ Normal 3 19392 69248 672 944 2
__104__ Normal 3 21728 65824 672 944 2
__105__ Normal 3 24064 65824 672 944 2
__106__ Normal 3 21728 69248 672 944 2
__107__ Normal 3 24064 69248 672 944 2
__108__ Normal 3 19392 72672 672 944 2
__109__ Normal 3 21728 72672 672 944 2
__110__ Normal 3 24064 72672 672 944 2
__111__ Normal 3 21728 76096 672 944 2
__112__ Normal 3 24064 76096 672 944 2
__113__ Normal 3 26400 65824 672 944 2
__114__ Normal 3 28736 65824 672 944 2
__115__ Normal 3 26400 69248 672 944 2
__116__ Normal 3 28736 69248 672 944 2
__117__ Normal 3 31072 65824 672 944 2
__118__ Normal 3 26400 72672 672 944 2
__119__ Normal 3 28736 72672 672 944 2
__120__ Normal 3 26400 76096 672 944 2
__121__ Normal 3 44376 57944 810 1498 2
__122__ Normal 3 44376 63512 810 1498 2
__123__ Normal 3 47192 57944 810 1498 2
__124__ Normal 3 50008 57944 810 1498 2
__125__ Normal 3 47192 63512 810 1498 2
__126__ Normal 3 50008 63512 810 1498 2
__127__ Normal 3 41560 69080 810 1498 2
__128__ Normal 3 44376 69080 810 1498 2
__129__ Normal 3 47192 69080 810 1498 2
__130__ Normal 3 50008 69080 810 1498 2
__131__ Normal 3 47192 74648 810 1498 2
__132__ Normal 3 58192 68048 460 876 2
__133__ Normal 3 61392 64784 460 876 2
__134__ Normal 3 59792 68048 460 876 2
__135__ Normal 3 61392 68048 460 876 2
__136__ Normal 3 58192 71312 460 876 2
__137__ Normal 3 58192 74576 460 876 2
__138__ Normal 3 59792 71312 460 876 2
__139__ Normal 3 61392 71312 460 876 2
__140__ Normal 3 59792 74576 460 876 2
__141__ Normal 3 61392 74576 460 876 2
__142__ Normal 3 62992 64784 460 876 2
__143__ Normal 3 64592 64784 460 876 2
__144__ Normal 3 62992 68048 460 876 2
__145__ Normal 3 64592 68048 460 876 2
__146__ Normal 3 66192 68048 460 876 2
__147__ Normal 3 62992 71312 460 876 2
__148__ Normal 3 64592 71312 460 876 2
__149__ Normal 3 62992 74576 460 876 2
__150__ Normal 3 64592 74576 460 876 2
__151__ Normal 3 66192 71312 460 876 2
__152__ Normal 3 67792 71312 460 876 2
__153__ Normal 3 66192 74576 460 876 2
__154__ Normal 3 67792 74576 460 876 2
__155__ Normal 3 56592 77840 460 876 2
__156__ Normal 3 58192 77840 460 876 2
__157__ Normal 3 58192 81104 460 876 2
__158__ Normal 3 59792 77840 460 876 2
__159__ Normal 3 61392 77840 460 876 2
__160__ Normal 3 59792 81104 460 876 2
__161__ Normal 3 61392 81104 460 876 2
__162__ Normal 3 61392 84368 460 876 2
__163__ Normal 3 61392 87632 460 876 2
__164__ Normal 3 62992 77840 460 876 2
__165__ Normal 3 64592 77840 460 876 2
__166__ Normal 3 62992 81104 460 876 2
__167__ Normal 3 64592 81104 460 876 2
__168__ Normal 3 66192 77840 460 876 2
__169__ Normal 3 67792 77840 460 876 2
__170__ Normal 3 66192 81104 460 876 2
__171__ Normal 3 67792 81104 460 876 2
__172__ Normal 3 62992 84368 460 876 2
__173__ Normal 3 64592 84368 460 876 2
__174__ Normal 3 62992 87632 460 876 2
__175__ Normal 3 66192 84368 460 876 2
__176__ Normal 3 33448 98472 1062 662 2
__177__ Normal 3 37352 98472 1062 662 2
__178__ Normal 3 41256 96168 1062 662 2
__179__ Normal 3 41256 98472 1062 662 2
__180__ Normal 3 45160 98472 1062 662 2
__181__ Normal 3 37352 100776 1062 662 2
__182__ Normal 3 41256 100776 1062 662 2
__183__ Normal 3 45160 100776 1062 662 2
__184__ Normal 3 41256 103080 1062 662 2
__185__ Normal 3 45160 103080 1062 662 2
__186__ Normal 4 0 1048 442 762 2
__187__ Normal 4 19072 74112 736 1248 2
__188__ Normal 4 20788 83252 1267 883 2
__189__ Normal 4 48844 109004 589 589 2
__190__ Normal 5 0 0 368 752 2
__191__ Normal 5 62808 114776 810 810 2
__192__ Normal 5 22184 124328 726 662 2
__193__ Normal 5 58756 144964 751 727 2
__194__ Normal 5 61380 144964 751 727 2
__195__ Normal 5 61380 147492 751 727 2
__196__ Normal 5 64004 144964 751 727 2
__197__ Normal 5 64004 147492 751 727 2
__198__ Normal 5 66628 147492 751 727 2
__199__ Normal 5 71876 139908 751 727 2
__200__ Normal 5 71876 142436 751 727 2
__201__ Normal 5 74500 142436 751 727 2
__202__ Normal 5 69252 144964 751 727 2
__203__ Normal 5 71876 144964 751 727 2
__204__ Normal 5 69252 147492 751 727 2
__205__ Normal 5 71876 147492 751 727 2
__206__ Normal 5 74500 144964 751 727 2
__207__ Normal 5 77124 144964 751 727 2
__208__ Normal 5 74500 147492 751 727 2
__209__ Normal 5 77124 147492 751 727 2
__210__ Normal 5 61380 150020 751 727 2
__211__ Normal 5 64004 150020 751 727 2
__212__ Normal 5 66628 150020 751 727 2
__213__ Normal 5 64004 152548 751 727 2
__214__ Normal 5 66628 152548 751 727 2
__215__ Normal 5 66628 155076 751 727 2
__216__ Normal 5 69252 150020 751 727 2
__217__ Normal 5 71876 150020 751 727 2
__218__ Normal 5 69252 152548 751 727 2
__219__ Normal 5 71876 152548 751 727 2
__220__ Normal 5 74500 150020 751 727 2
__221__ Normal 5 74500 152548 751 727 2
__222__ Normal 5 69252 155076 751 727 2
__223__ Normal 5 71876 155076 751 727 2
__224__ Normal 5 69252 157604 751 727 2
__225__ Normal 5 71876 157604 751 727 2
__226__ Normal 5 74500 155076 751 727 2
__227__ Normal 6 75688 7592 1558 662 2
__228__ Normal 6 64840 22472 1134 1086 2
__229__ Normal 6 60872 26248 1134 1086 2
__230__ Normal 6 64840 26248 1134 1086 2
__231__ Normal 6 56904 30024 1134 1086 2
__232__ Normal 6 52936 33800 1134 1086 2
__233__ Normal 6 56904 33800 1134 1086 2
__234__ Normal 6 60872 30024 1134 1086 2
__235__ Normal 6 60872 33800 1134 1086 2
__236__ Normal 6 52932 71364 607 991 2
__237__ Normal 6 55044 71364 607 991 2
__238__ Normal 6 55044 75012 607 991 2
__239__ Normal 6 57156 75012 607 991 2
__240__ Normal 6 55044 78660 607 991 2
__241__ Normal 6 55044 82308 607 991 2
__242__ Normal 6 57156 78660 607 991 2
__243__ Normal 6 59268 78660 607 991 2
__244__ Normal 6 57156 82308 607 991 2
__245__ Normal 7 63220 0 579 515 2
__246__ Normal 7 0 0 947 883 2
__247__ Normal 7 42208 106304 1272 800 2
__248__ Normal 7 46880 106304 1272 800 2
__249__ Normal 7 42208 109088 1272 800 2
__250__ Normal 7 46880 109088 1272 800 2
__251__ Normal 7 42208 111872 1272 800 2
__252__ Normal 7 46880 111872 1272 800 2
__253__ Normal 7 51552 103520 1272 800 2
__254__ Normal 7 56224 103520 1272 800 2
__255__ Normal 7 51552 106304 1272 800 2
__256__ Normal 7 56224 106304 1272 800 2
__257__ Normal 7 60896 103520 1272 800 2
__258__ Normal 7 60896 106304 1272 800 2
__259__ Normal 7 51552 109088 1272 800 2
__260__ Normal 7 56224 109088 1272 800 2
__261__ Normal 7 51552 111872 1272 800 2
__262__ Normal 7 56224 111872 1272 800 2
__263__ Normal 7 60896 109088 1272 800 2
__264__ Normal 7 65568 109088 1272 800 2
__265__ Normal 7 60896 111872 1272 800 2
__266__ Normal 7 65568 111872 1272 800 2
__267__ Normal 7 32864 114656 1272 800 2
__268__ Normal 7 32864 117440 1272 800 2
__269__ Normal 7 37536 117440 1272 800 2
__270__ Normal 7 42208 114656 1272 800 2
__271__ Normal 7 46880 114656 1272 800 2
__272__ Normal 7 42208 117440 1272 800 2
__273__ Normal 7 46880 117440 1272 800 2
__274__ Normal 7 32864 120224 1272 800 2
__275__ Normal 7 37536 120224 1272 800 2
__276__ Normal 7 37536 123008 1272 800 2
__277__ Normal 7 42208 120224 1272 800 2
__278__ Normal 7 46880 120224 1272 800 2
__279__ Normal 7 42208 123008 1272 800 2
__280__ Normal 7 46880 123008 1272 800 2
__281__ Normal 7 51552 114656 1272 800 2
__282__ Normal 7 56224 114656 1272 800 2
__283__ Normal 7 51552 117440 1272 800 2
__284__ Normal 7 56224 117440 1272 800 2
__285__ Normal 7 60896 114656 1272 800 2
__286__ Normal 7 65568 114656 1272 800 2
__287__ Normal 7 60896 117440 1272 800 2
__288__ Normal 7 51552 120224 1272 800 2
__289__ Normal 7 56224 120224 1272 800 2
__290__ Normal 7 44748 133836 589 749 2
__291__ Normal 7 42700 136524 589 749 2
__292__ Normal 7 44748 136524 589 749 2
__293__ Normal 7 17356 143564 589 653 2
__294__ Normal 7 15308 145868 589 653 2
__295__ Normal 7 17356 145868 589 653 2
__296__ Normal 7 56664 151128 810 938 2
__297__ Normal 8 0 360 294 614 2
__298__ Normal 8 28288 121472 736 1280 2
__299__ Normal 8 25728 126208 736 1280 2
__300__ Normal 8 28288 126208 736 1280 2
__301__ Normal 8 30848 126208 736 1280 2
__302__ Normal 8 28288 130944 736 1280 2
__303__ Normal 8 30848 130944 736 1280 2
__304__ Normal 8 30848 135680 736 1280 2
__305__ Normal 8 33408 135680 736 1280 2
__306__ Normal 9 0 0 368 752 2
__307__ Normal 9 60896 121520 552 764 2
__308__ Normal 9 62816 121520 552 764 2
__309__ Normal 9 58976 124288 552 764 2
__310__ Normal 9 57056 127056 552 764 2
__311__ Normal 9 58976 127056 552 764 2
__312__ Normal 9 60896 124288 552 764 2
__313__ Normal 9 62816 124288 552 764 2
__314__ Normal 9 60896 127056 552 764 2
__315__ Normal 9 62816 127056 552 764 2
__316__ Normal 9 64736 121520 552 764 2
__317__ Normal 9 66656 121520 552 764 2
__318__ Normal 9 68576 118752 552 764 2
__319__ Normal 9 70496 118752 552 764 2
__320__ Normal 9 68576 121520 552 764 2
__321__ Normal 9 70496 121520 552 764 2
__322__ Normal 9 64736 124288 552 764 2
__323__ Normal 9 66656 124288 552 764 2
__324__ Normal 9 64736 127056 552 764 2
__325__ Normal 9 66656 127056 552 764 2
__326__ Normal 9 68576 124288 552 764 2
__327__ Normal 9 70496 124288 552 764 2
__328__ Normal 9 68576 127056 552 764 2
__329__ Normal 9 70496 127056 552 764 2
__330__ Normal 9 58976 129824 552 764 2
__331__ Normal 9 58976 132592 552 764 2
__332__ Normal 9 60896 129824 552 764 2
__333__ Normal 9 62816 129824 552 764 2
__334__ Normal 9 60896 132592 552 764 2
__335__ Normal 9 62816 132592 552 764 2
__336__ Normal 9 58976 138128 552 764 2
__337__ Normal 9 60896 135360 552 764 2
__338__ Normal 9 62816 135360 552 764 2
__339__ Normal 9 60896 138128 552 764 2
__340__ Normal 9 62816 138128 552 764 2
__341__ Normal 9 64736 129824 552 764 2
__342__ Normal 9 66656 129824 552 764 2
__343__ Normal 9 64736 132592 552 764 2
__344__ Normal 9 66656 132592 552 764 2
__345__ Normal 9 68576 129824 552 764 2
__346__ Normal 9 70496 129824 552 764 2
__347__ Normal 9 68576 132592 552 764 2
__348__ Normal 9 70496 132592 552 764 2
__349__ Normal 9 64736 135360 552 764 2
__350__ Normal 9 66656 135360 552 764 2
__351__ Normal 9 64736 138128 552 764 2
__352__ Normal 9 66656 138128 552 764 2
__353__ Normal 9 68576 135360 552 764 2
__354__ Normal 9 70496 135360 552 764 2
__355__ Normal 9 68576 138128 552 764 2
__356__ Normal 9 70496 138128 552 764 2
__357__ Normal 9 72416 121520 552 764 2
__358__ Normal 9 74336 121520 552 764 2
__359__ Normal 9 76256 121520 552 764 2
__360__ Normal 9 78176 121520 552 764 2
__361__ Normal 9 72416 124288 552 764 2
__362__ Normal 9 74336 124288 552 764 2
__363__ Normal 9 72416 127056 552 764 2
__364__ Normal 9 74336 127056 552 764 2
__365__ Normal 9 76256 124288 552 764 2
__366__ Normal 9 78176 124288 552 764 2
__367__ Normal 9 76256 127056 552 764 2
__368__ Normal 9 78176 127056 552 764 2
__369__ Normal 9 80096 124288 552 764 2
__370__ Normal 9 80096 127056 552 764 2
__371__ Normal 9 72416 129824 552 764 2
__372__ Normal 9 74336 129824 552 764 2
__373__ Normal 9 72416 132592 552 764 2
__374__ Normal 9 74336 132592 552 764 2
__375__ Normal 9 76256 129824 552 764 2
__376__ Normal 9 78176 129824 552 764 2
__377__ Normal 9 76256 132592 552 764 2
__378__ Normal 9 78176 132592 552 764 2
__379__ Normal 9 72416 135360 552 764 2
__380__ Normal 9 74336 135360 552 764 2
__381__ Normal 9 72416 138128 552 764 2
__382__ Normal 9 74336 138128 552 764 2
__383__ Normal 9 76256 135360 552 764 2
__384__ Normal 9 78176 135360 552 764 2
__385__ Normal 9 76256 138128 552 764 2
__386__ Normal 9 78176 138128 552 764 2
__387__ Normal 9 80096 129824 552 764 2
__388__ Normal 9 80096 132592 552 764 2
__389__ Normal 9 80096 135360 552 764 2
__390__ Normal 9 80096 138128 552 764 2
__391__ Normal 9 60896 140896 552 764 2
__392__ Normal 9 62816 140896 552 764 2
__393__ Normal 9 60896 143664 552 764 2
__394__ Normal 9 62816 143664 552 764 2
__395__ Normal 9 60896 146432 552 764 2
__396__ Normal 9 62816 146432 552 764 2
__397__ Normal 9 64736 140896 552 764 2
__398__ Normal 9 66656 140896 552 764 2
__399__ Normal 9 64736 143664 552 764 2
__400__ Normal 9 66656 143664 552 764 2
__401__ Normal 9 68576 140896 552 764 2
__402__ Normal 9 70496 140896 552 764 2
__403__ Normal 9 68576 143664 552 764 2
__404__ Normal 9 70496 143664 552 764 2
__405__ Normal 9 64736 146432 552 764 2
__406__ Normal 9 66656 146432 552 764 2
__407__ Normal 9 66656 149200 552 764 2
__408__ Normal 9 68576 146432 552 764 2
__409__ Normal 9 70496 146432 552 764 2
__410__ Normal 9 68576 149200 552 764 2
__411__ Normal 9 70496 149200 552 764 2
__412__ Normal 9 62816 151968 552 764 2
__413__ Normal 9 62816 154736 552 764 2
__414__ Normal 9 64736 151968 552 764 2
__415__ Normal 9 66656 151968 552 764 2
__416__ Normal 9 64736 154736 552 764 2
__417__ Normal 9 66656 154736 552 764 2
__418__ Normal 9 68576 151968 552 764 2
__419__ Normal 9 70496 151968 552 764 2
__420__ Normal 9 68576 154736 552 764 2
__421__ Normal 9 70496 154736 552 764 2
__422__ Normal 9 68576 157504 552 764 2
__423__ Normal 9 70496 157504 552 764 2
__424__ Normal 9 72416 140896 552 764 2
__425__ Normal 9 74336 140896 552 764 2
__426__ Normal 9 72416 143664 552 764 2
__427__ Normal 9 74336 143664 552 764 2
__428__ Normal 9 76256 140896 552 764 2
__429__ Normal 9 78176 140896 552 764 2
__430__ Normal 9 76256 143664 552 764 2
__431__ Normal 9 78176 143664 552 764 2
__432__ Normal 9 72416 146432 552 764 2
__433__ Normal 9 74336 146432 552 764 2
__434__ Normal 9 72416 149200 552 764 2
__435__ Normal 9 74336 149200 552 764 2
__436__ Normal 9 76256 146432 552 764 2
__437__ Normal 9 78176 146432 552 764 2
__438__ Normal 9 76256 149200 552 764 2
__439__ Normal 9 78176 149200 552 764 2
__440__ Normal 9 80096 140896 552 764 2
__441__ Normal 9 80096 143664 552 764 2
__442__ Normal 9 80096 146432 552 764 2
__443__ Normal 9 82016 146432 552 764 2
__444__ Normal 9 80096 149200 552 764 2
__445__ Normal 9 82016 149200 552 764 2
__446__ Normal 9 83936 149200 552 764 2
__447__ Normal 9 85856 149200 552 764 2
__448__ Normal 9 72416 151968 552 764 2
__449__ Normal 9 74336 151968 552 764 2
__450__ Normal 9 72416 154736 552 764 2
__451__ Normal 9 74336 154736 552 764 2
__452__ Normal 9 76256 151968 552 764 2
__453__ Normal 9 78176 151968 552 764 2
__454__ Normal 9 76256 154736 552 764 2
__455__ Normal 9 78176 154736 552 764 2
__456__ Normal 9 72416 157504 552 764 2
__457__ Normal 9 74336 157504 552 764 2
__458__ Normal 9 76256 157504 552 764 2
__459__ Normal 9 78176 157504 552 764 2
__460__ Normal 9 76256 160272 552 764 2
__461__ Normal 9 78176 160272 552 764 2
__462__ Normal 9 80096 151968 552 764 2
__463__ Normal 9 82016 151968 552 764 2
__464__ Normal 9 80096 154736 552 764 2
__465__ Normal 9 82016 154736 552 764 2
__466__ Normal 9 83936 151968 552 764 2
__467__ Normal 9 85856 151968 552 764 2
__468__ Normal 9 83936 154736 552 764 2
__469__ Normal 9 85856 154736 552 764 2
__470__ Normal 9 80096 157504 552 764 2
__471__ Normal 9 82016 157504 552 764 2
__472__ Normal 9 80096 160272 552 764 2
__473__ Normal 9 82016 160272 552 764 2
__474__ Normal 9 83936 157504 552 764 2
__475__ Normal 9 47800 124600 626 778 2
__476__ Normal 9 49976 127384 626 778 2
__477__ Normal 9 49976 130168 626 778 2
__478__ Normal 9 52152 130168 626 778 2
__479__ Normal 9 52152 132952 626 778 2
__480__ Normal 9 54328 132952 626 778 2
__481__ Normal 9 52152 135736 626 778 2
__482__ Normal 9 52152 138520 626 778 2
__483__ Normal 9 49976 141304 626 778 2
__484__ Normal 9 49976 144088 626 778 2
__485__ Normal 9 52152 141304 626 778 2
__486__ Normal 9 52152 144088 626 778 2
__487__ Normal 9 21688 149656 626 778 2
__488__ Normal 9 23864 149656 626 778 2
__489__ Normal 9 21688 152440 626 778 2
__490__ Normal 9 23864 152440 626 778 2
__491__ Normal 9 21688 155224 626 778 2
__492__ Normal 9 23864 155224 626 778 2
__493__ Normal 9 26040 152440 626 778 2
__494__ Normal 9 26040 155224 626 778 2
__495__ Normal 9 28216 155224 626 778 2
__496__ Normal 9 23864 158008 626 778 2
__497__ Normal 9 23864 160792 626 778 2
__498__ Normal 9 26040 158008 626 778 2
__499__ Normal 9 28216 158008 626 778 2
__500__ Normal 9 26040 160792 626 778 2
__501__ Normal 9 28216 160792 626 778 2
__502__ Normal 9 26040 163576 626 778 2
__503__ Normal 9 28216 163576 626 778 2
__504__ Normal 9 30392 158008 626 778 2
__505__ Normal 9 30392 160792 626 778 2
__506__ Normal 9 32568 160792 626 778 2
__507__ Normal 9 34744 160792 626 778 2
__508__ Normal 9 36920 160792 626 778 2
__509__ Normal 9 30392 163576 626 778 2
__510__ Normal 9 32568 163576 626 778 2
__511__ Normal 9 30392 166360 626 778 2
__512__ Normal 9 32568 166360 626 778 2
__513__ Normal 9 34744 163576 626 778 2
__514__ Normal 9 36920 163576 626 778 2
__515__ Normal 9 45624 152440 626 778 2
__516__ Normal 9 43448 155224 626 778 2
__517__ Normal 9 45624 155224 626 778 2
__518__ Normal 9 47800 146872 626 778 2
__519__ Normal 9 49976 146872 626 778 2
__520__ Normal 9 47800 149656 626 778 2
__521__ Normal 9 49976 149656 626 778 2
__522__ Normal 9 52152 146872 626 778 2
__523__ Normal 9 47800 152440 626 778 2
__524__ Normal 9 49976 152440 626 778 2
__525__ Normal 9 41272 158008 626 778 2
__526__ Normal 9 39096 160792 626 778 2
__527__ Normal 9 41272 160792 626 778 2
__528__ Normal 9 43448 158008 626 778 2
__529__ Normal 9 45624 158008 626 778 2
__530__ Normal 9 43448 160792 626 778 2
__531__ Normal 9 39096 163576 626 778 2
__532__ Normal 9 41272 163576 626 778 2
__533__ Normal 9 39096 166360 626 778 2
__534__ Normal 9 41272 166360 626 778 2
__535__ Normal 9 43448 163576 626 778 2
__536__ Normal 9 85632 151168 736 864 2
__537__ Normal 10 29096 0 1238 662 2
__538__ Normal 10 39116 10700 589 589 2
__539__ Normal 10 42152 134376 534 886 2
__540__ Normal 10 40296 137640 534 886 2
__541__ Normal 10 42152 137640 534 886 2
__542__ Normal 10 36584 140904 534 886 2
__543__ Normal 10 38440 140904 534 886 2
__544__ Normal 10 40296 140904 534 886 2
__545__ Normal 10 42152 140904 534 886 2
__546__ Normal 10 40296 144168 534 886 2
__547__ Normal 10 42152 144168 534 886 2
__548__ Normal 10 44008 134376 534 886 2
__549__ Normal 10 45864 134376 534 886 2
__550__ Normal 10 44008 137640 534 886 2
__551__ Normal 10 45864 137640 534 886 2
__552__ Normal 10 47720 134376 534 886 2
__553__ Normal 10 47720 137640 534 886 2
__554__ Normal 10 44008 140904 534 886 2
__555__ Normal 10 45864 140904 534 886 2
__556__ Normal 10 44008 144168 534 886 2
__557__ Normal 10 45864 144168 534 886 2
__558__ Normal 10 47720 140904 534 886 2
__559__ Normal 10 47720 144168 534 886 2
__560__ Normal 10 49576 144168 534 886 2
__561__ Normal 10 42152 153960 534 886 2
__562__ Normal 10 42152 157224 534 886 2
__563__ Normal 10 45864 147432 534 886 2
__564__ Normal 10 45864 150696 534 886 2
__565__ Normal 10 47720 147432 534 886 2
__566__ Normal 10 49576 147432 534 886 2
__567__ Normal 10 47720 150696 534 886 2
__568__ Normal 10 44008 153960 534 886 2
__569__ Normal 10 45864 153960 534 886 2
__570__ Normal 10 67604 141204 699 1499 2
__571__ Normal 10 67604 146836 699 1499 2
__572__ Normal 10 70036 141204 699 1499 2
__573__ Normal 10 70036 146836 699 1499 2
__574__ Normal 10 72468 146836 699 1499 2
__575__ Normal 10 67604 152468 699 1499 2
__576__ Normal 10 67604 158100 699 1499 2
__577__ Normal 10 70036 152468 699 1499 2
__578__ Normal 10 72468 152468 699 1499 2
__579__ Normal 10 70036 158100 699 1499 2
__580__ Normal 10 23640 144472 874 810 2
__581__ Normal 10 21928 147880 662 726 2
__582__ Normal 10 17868 208588 653 589 2
__583__ Normal 10 19960 209912 1122 994 2
__584__ Normal 10 23928 209912 1122 994 2
__585__ Normal 10 19960 213368 1122 994 2
__586__ Normal 10 23928 213368 1122 994 2
__587__ Normal 10 29824 213632 736 864 2
__588__ Normal 11 83816 0 1894 294 2
__589__ Normal 11 91752 0 934 294 2
__590__ Normal 11 0 168 662 982 2
__591__ Normal 11 53540 70724 1111 727 2
__592__ Normal 11 49476 73252 1111 727 2
__593__ Normal 11 53540 73252 1111 727 2
__594__ Normal 11 61668 68196 1111 727 2
__595__ Normal 11 65732 65668 1111 727 2
__596__ Normal 11 65732 68196 1111 727 2
__597__ Normal 11 69796 68196 1111 727 2
__598__ Normal 11 57604 70724 1111 727 2
__599__ Normal 11 61668 70724 1111 727 2
__600__ Normal 11 57604 73252 1111 727 2
__601__ Normal 11 61668 73252 1111 727 2
__602__ Normal 11 65732 70724 1111 727 2
__603__ Normal 11 45412 75780 1111 727 2
__604__ Normal 11 41348 78308 1111 727 2
__605__ Normal 11 45412 78308 1111 727 2
__606__ Normal 11 49476 75780 1111 727 2
__607__ Normal 11 53540 75780 1111 727 2
__608__ Normal 11 49476 78308 1111 727 2
__609__ Normal 11 53540 78308 1111 727 2
__610__ Normal 11 41348 80836 1111 727 2
__611__ Normal 11 45412 80836 1111 727 2
__612__ Normal 11 41348 83364 1111 727 2
__613__ Normal 11 45412 83364 1111 727 2
__614__ Normal 11 49476 80836 1111 727 2
__615__ Normal 11 57604 75780 1111 727 2
__616__ Normal 11 61668 75780 1111 727 2
__617__ Normal 11 59500 92588 773 885 2
__618__ Normal 11 62188 92588 773 885 2
__619__ Normal 11 56812 95724 773 885 2
__620__ Normal 11 54124 98860 773 885 2
__621__ Normal 11 56812 98860 773 885 2
__622__ Normal 11 59500 95724 773 885 2
__623__ Normal 11 59500 98860 773 885 2
__624__ Normal 11 14708 128756 675 515 2
__625__ Normal 11 9844 132340 675 515 2
__626__ Normal 11 12276 130548 675 515 2
__627__ Normal 11 14708 130548 675 515 2
__628__ Normal 11 12276 132340 675 515 2
__629__ Normal 11 14708 132340 675 515 2
__630__ Normal 11 17140 126964 675 515 2
__631__ Normal 11 17140 128756 675 515 2
__632__ Normal 11 19572 128756 675 515 2
__633__ Normal 11 22004 128756 675 515 2
__634__ Normal 11 24436 128756 675 515 2
__635__ Normal 11 17140 130548 675 515 2
__636__ Normal 11 19572 130548 675 515 2
__637__ Normal 11 17140 132340 675 515 2
__638__ Normal 11 22004 130548 675 515 2
__639__ Normal 11 24436 130548 675 515 2
__640__ Normal 11 7412 134132 675 515 2
__641__ Normal 11 9844 134132 675 515 2
__642__ Normal 11 7412 135924 675 515 2
__643__ Normal 11 9844 135924 675 515 2
__644__ Normal 11 12276 134132 675 515 2
__645__ Normal 11 14708 134132 675 515 2
__646__ Normal 11 12276 135924 675 515 2
__647__ Normal 11 14708 135924 675 515 2
__648__ Normal 11 9844 137716 675 515 2
__649__ Normal 11 9844 139508 675 515 2
__650__ Normal 11 17140 134132 675 515 2
__651__ Normal 11 24436 134132 675 515 2
__652__ Normal 11 22004 135924 675 515 2
__653__ Normal 11 24436 135924 675 515 2
__654__ Normal 11 24436 137716 675 515 2
__655__ Normal 11 22360 134232 938 810 2
__656__ Normal 11 25688 134232 938 810 2
__657__ Normal 11 22360 137048 938 810 2
__658__ Normal 11 25688 137048 938 810 2
__659__ Normal 11 22112 144608 552 648 2
__660__ Normal 11 36284 150572 1073 805 2
__661__ Normal 11 44028 147772 1073 805 2
__662__ Normal 11 44028 150572 1073 805 2
__663__ Normal 11 47900 147772 1073 805 2
__664__ Normal 11 51772 147772 1073 805 2
__665__ Normal 11 47900 150572 1073 805 2
__666__ Normal 11 51772 150572 1073 805 2
__667__ Normal 11 28540 153372 1073 805 2
__668__ Normal 11 24668 156172 1073 805 2
__669__ Normal 11 28540 156172 1073 805 2
__670__ Normal 11 32412 153372 1073 805 2
__671__ Normal 11 36284 153372 1073 805 2
__672__ Normal 11 32412 156172 1073 805 2
__673__ Normal 11 36284 156172 1073 805 2
__674__ Normal 11 28540 158972 1073 805 2
__675__ Normal 11 32412 158972 1073 805 2
__676__ Normal 11 36284 158972 1073 805 2
__677__ Normal 11 32412 161772 1073 805 2
__678__ Normal 11 36284 161772 1073 805 2
__679__ Normal 11 40156 153372 1073 805 2
__680__ Normal 11 44028 153372 1073 805 2
__681__ Normal 11 40156 156172 1073 805 2
__682__ Normal 11 44028 156172 1073 805 2
__683__ Normal 11 47900 153372 1073 805 2
__684__ Normal 11 51772 153372 1073 805 2
__685__ Normal 11 47900 156172 1073 805 2
__686__ Normal 11 51772 156172 1073 805 2
__687__ Normal 11 40156 158972 1073 805 2
__688__ Normal 11 44028 158972 1073 805 2
__689__ Normal 11 40156 161772 1073 805 2
__690__ Normal 11 44028 161772 1073 805 2
__691__ Normal 11 47900 158972 1073 805 2
__692__ Normal 11 51772 158972 1073 805 2
__693__ Normal 11 47900 161772 1073 805 2
__694__ Normal 11 51772 161772 1073 805 2
__695__ Normal 11 59516 142172 1073 805 2
__696__ Normal 11 55644 144972 1073 805 2
__697__ Normal 11 59516 144972 1073 805 2
__698__ Normal 11 63388 144972 1073 805 2
__699__ Normal 11 55644 147772 1073 805 2
__700__ Normal 11 59516 147772 1073 805 2
__701__ Normal 11 55644 150572 1073 805 2
__702__ Normal 11 59516 150572 1073 805 2
__703__ Normal 11 63388 147772 1073 805 2
__704__ Normal 11 63388 150572 1073 805 2
__705__ Normal 11 67260 150572 1073 805 2
__706__ Normal 11 71132 147772 1073 805 2
__707__ Normal 11 75004 147772 1073 805 2
__708__ Normal 11 71132 150572 1073 805 2
__709__ Normal 11 75004 150572 1073 805 2
__710__ Normal 11 78876 147772 1073 805 2
__711__ Normal 11 78876 150572 1073 805 2
__712__ Normal 11 55644 153372 1073 805 2
__713__ Normal 11 59516 153372 1073 805 2
__714__ Normal 11 55644 156172 1073 805 2
__715__ Normal 11 59516 156172 1073 805 2
__716__ Normal 11 63388 153372 1073 805 2
__717__ Normal 11 67260 153372 1073 805 2
__718__ Normal 11 63388 156172 1073 805 2
__719__ Normal 11 67260 156172 1073 805 2
__720__ Normal 11 55644 158972 1073 805 2
__721__ Normal 11 59516 158972 1073 805 2
__722__ Normal 11 55644 161772 1073 805 2
__723__ Normal 11 59516 161772 1073 805 2
__724__ Normal 11 63388 158972 1073 805 2
__725__ Normal 11 67260 158972 1073 805 2
__726__ Normal 11 63388 161772 1073 805 2
__727__ Normal 11 67260 161772 1073 805 2
__728__ Normal 11 71132 153372 1073 805 2
__729__ Normal 11 75004 153372 1073 805 2
__730__ Normal 11 71132 156172 1073 805 2
__731__ Normal 11 75004 156172 1073 805 2
__732__ Normal 11 78876 153372 1073 805 2
__733__ Normal 11 78876 156172 1073 805 2
__734__ Normal 11 71132 158972 1073 805 2
__735__ Normal 11 75004 158972 1073 805 2
__736__ Normal 11 71132 161772 1073 805 2
__737__ Normal 11 75004 161772 1073 805 2
__738__ Normal 11 36284 164572 1073 805 2
__739__ Normal 11 40156 164572 1073 805 2
__740__ Normal 11 44028 164572 1073 805 2
__741__ Normal 11 40156 167372 1073 805 2
__742__ Normal 11 44028 167372 1073 805 2
__743__ Normal 11 47900 164572 1073 805 2
__744__ Normal 11 51772 164572 1073 805 2
__745__ Normal 11 47900 167372 1073 805 2
__746__ Normal 11 51772 167372 1073 805 2
__747__ Normal 11 40156 170172 1073 805 2
__748__ Normal 11 44028 170172 1073 805 2
__749__ Normal 11 44028 172972 1073 805 2
__750__ Normal 11 47900 170172 1073 805 2
__751__ Normal 11 51772 170172 1073 805 2
__752__ Normal 11 47900 172972 1073 805 2
__753__ Normal 11 51772 172972 1073 805 2
__754__ Normal 11 47900 175772 1073 805 2
__755__ Normal 11 51772 175772 1073 805 2
__756__ Normal 11 47900 178572 1073 805 2
__757__ Normal 11 51772 178572 1073 805 2
__758__ Normal 11 51772 181372 1073 805 2
__759__ Normal 11 55644 164572 1073 805 2
__760__ Normal 11 59516 164572 1073 805 2
__761__ Normal 11 55644 167372 1073 805 2
__762__ Normal 11 59516 167372 1073 805 2
__763__ Normal 11 63388 164572 1073 805 2
__764__ Normal 11 67260 164572 1073 805 2
__765__ Normal 11 63388 167372 1073 805 2
__766__ Normal 11 67260 167372 1073 805 2
__767__ Normal 11 55644 170172 1073 805 2
__768__ Normal 11 55644 172972 1073 805 2
__769__ Normal 11 63388 170172 1073 805 2
__770__ Normal 11 67260 170172 1073 805 2
__771__ Normal 11 67260 172972 1073 805 2
__772__ Normal 11 71132 164572 1073 805 2
__773__ Normal 11 75004 164572 1073 805 2
__774__ Normal 11 71132 167372 1073 805 2
__775__ Normal 11 75004 167372 1073 805 2
__776__ Normal 11 78876 164572 1073 805 2
__777__ Normal 11 78876 167372 1073 805 2
__778__ Normal 11 71132 170172 1073 805 2
__779__ Normal 11 75004 170172 1073 805 2
__780__ Normal 11 71132 172972 1073 805 2
__781__ Normal 11 75004 172972 1073 805 2
__782__ Normal 11 78876 170172 1073 805 2
__783__ Normal 11 78876 172972 1073 805 2
__784__ Normal 11 55644 175772 1073 805 2
__785__ Normal 11 55644 178572 1073 805 2
__786__ Normal 11 59516 178572 1073 805 2
__787__ Normal 11 67260 175772 1073 805 2
__788__ Normal 11 55644 181372 1073 805 2
__789__ Normal 11 59516 181372 1073 805 2
__790__ Normal 11 55644 184172 1073 805 2
__791__ Normal 11 63388 181372 1073 805 2
__792__ Normal 11 67260 181372 1073 805 2
__793__ Normal 11 71132 175772 1073 805 2
__794__ Normal 11 75004 175772 1073 805 2
__795__ Normal 11 71132 178572 1073 805 2
__796__ Normal 11 75004 178572 1073 805 2
__797__ Normal 11 78876 175772 1073 805 2
__798__ Normal 11 82748 175772 1073 805 2
__799__ Normal 11 78876 178572 1073 805 2
__800__ Normal 11 82748 178572 1073 805 2
__801__ Normal 11 71132 181372 1073 805 2
__802__ Normal 11 75004 181372 1073 805 2
__803__ Normal 11 65484 146636 589 589 2
__804__ Normal 11 63912 180136 662 886 2
__805__ Normal 11 66216 183336 662 886 2
__806__ Normal 12 0 0 589 589 2
__807__ Normal 12 9212 129276 497 1105 2
__808__ Normal 12 10940 129276 497 1105 2
__809__ Normal 12 10940 133436 497 1105 2
__810__ Normal 12 12668 129276 497 1105 2
__811__ Normal 12 12668 133436 497 1105 2
__812__ Normal 12 12668 137596 497 1105 2
__813__ Normal 12 14396 137596 497 1105 2
__814__ Normal 12 12668 141756 497 1105 2
__815__ Normal 12 14396 141756 497 1105 2
__816__ Normal 12 23752 150600 846 1198 2
__817__ Normal 12 18152 158136 670 626 2
__818__ Normal 12 18152 160312 670 626 2
__819__ Normal 12 20504 160312 670 626 2
__820__ Normal 12 22856 160312 670 626 2
__821__ Normal 12 25208 158136 670 626 2
__822__ Normal 12 25208 160312 670 626 2
__823__ Normal 12 27560 160312 670 626 2
__824__ Normal 12 29912 158136 670 626 2
__825__ Normal 12 32264 158136 670 626 2
__826__ Normal 12 29912 160312 670 626 2
__827__ Normal 12 32264 160312 670 626 2
__828__ Normal 12 18152 162488 670 626 2
__829__ Normal 12 15800 164664 670 626 2
__830__ Normal 12 18152 164664 670 626 2
__831__ Normal 12 20504 162488 670 626 2
__832__ Normal 12 22856 162488 670 626 2
__833__ Normal 12 20504 164664 670 626 2
__834__ Normal 12 18152 166840 670 626 2
__835__ Normal 12 18152 169016 670 626 2
__836__ Normal 12 20504 166840 670 626 2
__837__ Normal 12 20504 169016 670 626 2
__838__ Normal 12 22856 169016 670 626 2
__839__ Normal 12 25208 162488 670 626 2
__840__ Normal 12 27560 162488 670 626 2
__841__ Normal 12 29912 162488 670 626 2
__842__ Normal 12 32264 162488 670 626 2
__843__ Normal 12 32264 164664 670 626 2
__844__ Normal 12 25208 166840 670 626 2
__845__ Normal 12 25208 169016 670 626 2
__846__ Normal 12 27560 169016 670 626 2
__847__ Normal 12 29912 166840 670 626 2
__848__ Normal 12 32264 166840 670 626 2
__849__ Normal 12 29912 169016 670 626 2
__850__ Normal 12 32264 169016 670 626 2
__851__ Normal 12 34616 155960 670 626 2
__852__ Normal 12 36968 155960 670 626 2
__853__ Normal 12 34616 158136 670 626 2
__854__ Normal 12 36968 158136 670 626 2
__855__ Normal 12 34616 160312 670 626 2
__856__ Normal 12 36968 160312 670 626 2
__857__ Normal 12 51080 160312 670 626 2
__858__ Normal 12 34616 162488 670 626 2
__859__ Normal 12 36968 162488 670 626 2
__860__ Normal 12 34616 164664 670 626 2
__861__ Normal 12 34616 166840 670 626 2
__862__ Normal 12 34616 169016 670 626 2
__863__ Normal 12 51080 162488 670 626 2
__864__ Normal 12 48728 164664 670 626 2
__865__ Normal 12 46376 166840 670 626 2
__866__ Normal 12 44024 169016 670 626 2
__867__ Normal 12 46376 169016 670 626 2
__868__ Normal 12 48728 166840 670 626 2
__869__ Normal 12 18152 171192 670 626 2
__870__ Normal 12 20504 171192 670 626 2
__871__ Normal 12 22856 171192 670 626 2
__872__ Normal 12 20504 173368 670 626 2
__873__ Normal 12 22856 173368 670 626 2
__874__ Normal 12 20504 175544 670 626 2
__875__ Normal 12 22856 175544 670 626 2
__876__ Normal 12 22856 177720 670 626 2
__877__ Normal 12 25208 171192 670 626 2
__878__ Normal 12 27560 171192 670 626 2
__879__ Normal 12 25208 173368 670 626 2
__880__ Normal 12 27560 173368 670 626 2
__881__ Normal 12 29912 171192 670 626 2
__882__ Normal 12 32264 171192 670 626 2
__883__ Normal 12 29912 173368 670 626 2
__884__ Normal 12 32264 173368 670 626 2
__885__ Normal 12 25208 175544 670 626 2
__886__ Normal 12 27560 175544 670 626 2
__887__ Normal 12 25208 177720 670 626 2
__888__ Normal 12 27560 177720 670 626 2
__889__ Normal 12 29912 175544 670 626 2
__890__ Normal 12 32264 175544 670 626 2
__891__ Normal 12 29912 177720 670 626 2
__892__ Normal 12 32264 177720 670 626 2
__893__ Normal 12 27560 179896 670 626 2
__894__ Normal 12 29912 179896 670 626 2
__895__ Normal 12 32264 179896 670 626 2
__896__ Normal 12 29912 182072 670 626 2
__897__ Normal 12 32264 182072 670 626 2
__898__ Normal 12 32264 184248 670 626 2
__899__ Normal 12 41672 173368 670 626 2
__900__ Normal 12 41672 175544 670 626 2
__901__ Normal 12 39320 177720 670 626 2
__902__ Normal 12 44024 171192 670 626 2
__903__ Normal 12 44024 173368 670 626 2
__904__ Normal 12 34616 179896 670 626 2
__905__ Normal 12 36968 179896 670 626 2
__906__ Normal 12 34616 182072 670 626 2
__907__ Normal 12 36968 182072 670 626 2
__908__ Normal 12 39320 179896 670 626 2
__909__ Normal 12 34616 184248 670 626 2
